2 0.08671875 0.53203125 0.0234375 0.0984375
1 0.21015625 0.37890625 0.01796875 0.0703125
2 0.353125 0.3484375 0.0171875 0.06796875
2 0.2984375 0.7953125 0.028125 0.1234375
2 0.5890625 0.4359375 0.015625 0.08046875
2 0.73203125 0.49765625 0.025 0.08125
2 0.7296875 0.3203125 0.0140625 0.05859375
2 0.7859375 0.47265625 0.01875 0.08046875
2 0.790625 0.721875 0.028125 0.11328125
2 0.84296875 0.76328125 0.02890625 0.11484375
2 0.896875 0.56796875 0.0234375 0.09453125
2 0.96796875 0.4375 0.015625 0.065625
3 0.95390625 0.45078125 0.02421875 0.0828125