0 0.5046875 0.45078125 0.0109375 0.0140625
1 0.50234375 0.4296875 0.01328125 0.05859375
3 0.5234375 0.45625 0.0171875 0.06640625
2 0.4640625 0.4890625 0.01328125 0.07109375
2 0.37578125 0.57421875 0.01640625 0.0734375
2 0.55703125 0.5609375 0.015625 0.0796875
2 0.63984375 0.5078125 0.015625 0.065625
2 0.67265625 0.54140625 0.02734375 0.07265625
2 0.68671875 0.44921875 0.01796875 0.05703125
2 0.684375 0.41328125 0.015625 0.053125
2 0.7328125 0.4609375 0.01484375 0.0671875
2 0.77109375 0.49609375 0.01796875 0.06953125
2 0.8390625 0.61015625 0.0171875 0.053125
2 0.83359375 0.42421875 0.01875 0.053125
2 0.9765625 0.47109375 0.01484375 0.05703125
2 0.996875 0.45390625 0.00625 0.05625