2 0.00546875 0.46328125 0.0109375 0.07265625
2 0.1265625 0.37890625 0.01640625 0.05234375
3 0.06953125 0.61796875 0.01875 0.0984375
2 0.13671875 0.653125 0.025 0.0984375
2 0.1796875 0.56875 0.0203125 0.0859375
2 0.2734375 0.89375 0.02421875 0.1265625
2 0.28359375 0.81171875 0.01953125 0.12265625
2 0.534375 0.67890625 0.0265625 0.10859375
0 0.53359375 0.56328125 0.01328125 0.02109375
2 0.54765625 0.44453125 0.0203125 0.07578125
2 0.61171875 0.6953125 0.03046875 0.10703125
3 0.15625 0.96328125 0.025 0.07265625
2 0.83125 0.6625 0.0265625 0.11328125
2 0.69609375 0.62890625 0.02578125 0.09375
1 0.82109375 0.47734375 0.0234375 0.0828125