2 0.07265625 0.4734375 0.01328125 0.0703125
2 0.43359375 0.68828125 0.021875 0.09453125
2 0.684375 0.5515625 0.01640625 0.07734375
2 0.92109375 0.6375 0.01796875 0.09453125
1 0.73359375 0.3828125 0.01796875 0.06015625
2 0.44296875 0.46328125 0.01484375 0.0625
2 0.4171875 0.4265625 0.01015625 0.05625
2 0.584375 0.4546875 0.0140625 0.0625
2 0.5640625 0.4265625 0.0140625 0.0609375
2 0.45234375 0.37109375 0.01171875 0.0546875
2 0.42421875 0.38984375 0.0140625 0.05234375
2 0.47421875 0.38203125 0.0109375 0.05546875
2 0.48984375 0.38515625 0.009375 0.05859375
2 0.52578125 0.4046875 0.01171875 0.059375
2 0.5078125 0.39453125 0.01015625 0.0609375
2 0.54609375 0.42734375 0.01328125 0.05859375
3 0.10546875 0.90859375 0.01953125 0.12109375
0 0.5109375 0.70390625 0.01015625 0.0171875
2 0.5359375 0.4203125 0.00625 0.053125
2 0.54140625 0.3921875 0.00859375 0.01875
2 0.50078125 0.3921875 0.01015625 0.0578125
3 0.36328125 0.39765625 0.0109375 0.059375