2 0.27734375 0.51171875 0.02109375 0.06640625
2 0.29765625 0.525 0.02109375 0.0796875
3 0.29453125 0.49453125 0.01796875 0.06484375
2 0.3125 0.50078125 0.015625 0.07265625
2 0.33515625 0.51484375 0.01328125 0.07421875
2 0.32578125 0.503125 0.01328125 0.07421875
2 0.50625 0.42109375 0.015625 0.071875
0 0.28046875 0.515625 0.00703125 0.01484375
1 0.45625 0.40390625 0.01796875 0.06640625
2 0.571875 0.40703125 0.0171875 0.06640625
2 0.5671875 0.39765625 0.01484375 0.0546875
2 0.60234375 0.4140625 0.01640625 0.05859375
2 0.6140625 0.39453125 0.01484375 0.059375
2 0.671875 0.40546875 0.01875 0.06171875
2 0.7625 0.43046875 0.015625 0.0625
2 0.76953125 0.425 0.01953125 0.071875
2 0.79375 0.4515625 0.01953125 0.078125
2 0.89296875 0.53515625 0.0234375 0.07578125