1 0.303125 0.403125 0.015625 0.059375
3 0.7 0.3203125 0.01171875 0.0359375
0 0.5171875 0.484375 0.00625 0.0109375
3 0.9828125 0.50546875 0.015625 0.07265625
2 0.97421875 0.4 0.01640625 0.0578125
2 0.9046875 0.35 0.0109375 0.046875
2 0.803125 0.471875 0.015625 0.0625
2 0.90234375 0.58359375 0.02265625 0.084375
2 0.78359375 0.58671875 0.01875 0.078125
2 0.784375 0.6734375 0.02265625 0.10234375
2 0.7375 0.45078125 0.0171875 0.065625
2 0.67734375 0.46171875 0.01328125 0.0640625
2 0.6125 0.38671875 0.0171875 0.0578125
2 0.428125 0.4984375 0.0171875 0.07109375
2 0.43359375 0.7515625 0.0265625 0.10625