1 0.24296875 0.39609375 0.00859375 0.05
2 0.29296875 0.4265625 0.01171875 0.053125
2 0.3171875 0.48671875 0.0109375 0.0578125
2 0.39765625 0.40546875 0.01015625 0.05234375
2 0.41171875 0.39453125 0.01015625 0.0515625
2 0.45078125 0.3640625 0.00859375 0.04296875
2 0.5078125 0.4109375 0.0109375 0.05
2 0.4625 0.353125 0.00703125 0.03984375
2 0.47421875 0.340625 0.00625 0.03515625
2 0.50078125 0.334375 0.00859375 0.02578125
2 0.4953125 0.33125 0.0078125 0.028125
2 0.56015625 0.33359375 0.00625 0.03359375
2 0.56953125 0.3359375 0.00859375 0.0359375
2 0.56796875 0.46171875 0.00703125 0.05
2 0.5734375 0.49921875 0.01171875 0.0640625
2 0.68671875 0.38125 0.0078125 0.0484375
2 0.8234375 0.40078125 0.0109375 0.04921875
2 0.85546875 0.40078125 0.01171875 0.04921875
2 0.93046875 0.41015625 0.01015625 0.0546875
2 0.98125 0.5875 0.01328125 0.0796875
3 0.89765625 0.94296875 0.0234375 0.1140625
3 0.584375 0.38671875 0.01015625 0.046875
3 0.4984375 0.3109375 0.00546875 0.015625
0 0.490625 0.33984375 0.003125 0.00625