2 0.29609375 0.5109375 0.01953125 0.06015625
2 0.3140625 0.52265625 0.01875 0.071875
3 0.3109375 0.4953125 0.01640625 0.05859375
2 0.328125 0.50078125 0.0140625 0.065625
2 0.34765625 0.51328125 0.01171875 0.06640625
2 0.33984375 0.503125 0.0125 0.06640625
2 0.5015625 0.42890625 0.0140625 0.06484375
0 0.29921875 0.5140625 0.00625 0.01328125
1 0.45703125 0.41328125 0.01640625 0.059375
2 0.5609375 0.41640625 0.015625 0.059375
2 0.55625 0.4078125 0.01328125 0.04921875
2 0.58828125 0.42265625 0.01484375 0.053125
2 0.59921875 0.4046875 0.01328125 0.053125
2 0.6515625 0.41484375 0.0171875 0.05546875
2 0.73203125 0.4375 0.0140625 0.05625
2 0.7390625 0.4328125 0.01796875 0.0640625
2 0.76015625 0.45625 0.0171875 0.0703125
2 0.85 0.53203125 0.02109375 0.06875
2 0.98515625 0.559375 0.01953125 0.075