0 0.50234375 0.4453125 0.00703125 0.00859375
1 0.49609375 0.42265625 0.01171875 0.05390625
3 0.7515625 0.36484375 0.0109375 0.03984375
2 0.4 0.50234375 0.0171875 0.07265625
2 0.459375 0.6375 0.02109375 0.08203125
2 0.6328125 0.409375 0.015625 0.05234375
2 0.71015625 0.45390625 0.0140625 0.059375
3 0.7234375 0.4984375 0.01328125 0.06328125
2 0.6765625 0.58359375 0.01640625 0.084375
2 0.7421875 0.56875 0.01953125 0.0734375
2 0.77265625 0.67109375 0.01875 0.08671875
2 0.74375 0.4796875 0.009375 0.0609375
2 0.74921875 0.48203125 0.01015625 0.06875
2 0.79765625 0.48125 0.01484375 0.0578125
2 0.80703125 0.40390625 0.01328125 0.046875
2 0.91015625 0.45390625 0.0171875 0.0625
2 0.93359375 0.46328125 0.015625 0.05546875
2 0.98203125 0.5546875 0.01796875 0.07734375