2 0.34140625 0.43984375 0.0109375 0.06484375
2 0.415625 0.35546875 0.01640625 0.059375
2 0.44296875 0.46640625 0.01953125 0.075
2 0.53515625 0.378125 0.015625 0.0625
2 0.36640625 0.40703125 0.0140625 0.06171875
2 0.453125 0.321875 0.0109375 0.05078125
3 0.46875 0.30703125 0.01171875 0.04609375
0 0.509375 0.34375 0.00625 0.009375
2 0.575 0.33125 0.0109375 0.04453125
2 0.5875 0.32265625 0.0109375 0.046875
2 0.65078125 0.37421875 0.01796875 0.059375
2 0.65546875 0.35859375 0.01171875 0.0546875
2 0.67265625 0.48125 0.01171875 0.078125
2 0.68125 0.4171875 0.01484375 0.0640625
3 0.746875 0.39921875 0.01640625 0.0625
2 0.70234375 0.35078125 0.01484375 0.05859375
2 0.753125 0.3265625 0.015625 0.04453125
2 0.825 0.340625 0.01328125 0.04296875
2 0.79921875 0.38046875 0.01640625 0.05859375
1 0.09609375 0.38671875 0.01328125 0.05625
3 0.84921875 0.92265625 0.0328125 0.128125
2 0.94609375 0.51484375 0.01875 0.0734375
2 0.971875 0.375 0.009375 0.0546875
2 0.9875 0.42578125 0.01796875 0.0734375
2 0.996875 0.38125 0.00625 0.05625