2 0.28515625 0.48125 0.01484375 0.08359375
2 0.27421875 0.39375 0.0171875 0.06640625
2 0.3515625 0.4203125 0.01953125 0.06796875
2 0.4484375 0.346875 0.0140625 0.05
2 0.4828125 0.40078125 0.0140625 0.06875
2 0.50546875 0.45078125 0.01953125 0.06953125
2 0.5375 0.36171875 0.01328125 0.05390625
2 0.58359375 0.51796875 0.021875 0.078125
2 0.62734375 0.6375 0.02578125 0.096875
2 0.59765625 0.4578125 0.0171875 0.07578125
2 0.615625 0.41484375 0.01640625 0.0703125
3 0.64140625 0.421875 0.01796875 0.07109375
3 0.2734375 0.315625 0.015625 0.04296875
2 0.75234375 0.421875 0.02109375 0.0625
2 0.725 0.37265625 0.0140625 0.0546875
2 0.72265625 0.35625 0.0140625 0.06328125
2 0.7765625 0.42421875 0.01484375 0.06328125
2 0.78125 0.40859375 0.0140625 0.06875
2 0.8453125 0.48984375 0.0140625 0.07109375
2 0.8765625 0.47109375 0.01796875 0.0703125
2 0.90703125 0.51640625 0.0171875 0.07578125
2 0.971875 0.55078125 0.02109375 0.08671875
0 0.4796875 0.37109375 0.00546875 0.01171875