0 0.62109375 0.66484375 0.0078125 0.01484375
3 0.85859375 0.634375 0.01640625 0.06875
3 0.00703125 0.51015625 0.0078125 0.02265625
2 0.05546875 0.4703125 0.01640625 0.05
2 0.14140625 0.4984375 0.01015625 0.0609375
2 0.0203125 0.61875 0.0109375 0.0765625
2 0.21484375 0.50703125 0.01015625 0.06171875
2 0.2671875 0.40234375 0.00859375 0.04921875
1 0.525 0.43828125 0.01171875 0.053125
2 0.6171875 0.53828125 0.01328125 0.06484375
2 0.609375 0.68515625 0.01171875 0.07265625
2 0.25625 0.8375 0.01484375 0.11328125
2 0.34453125 0.646875 0.0109375 0.0828125
2 0.38359375 0.53828125 0.0140625 0.06015625
2 0.01171875 0.5375 0.015625 0.05703125