2 0.07265625 0.62265625 0.03046875 0.10546875
2 0.21875 0.62265625 0.0234375 0.10234375
2 0.025 0.36328125 0.0140625 0.0578125
2 0.48046875 0.5125 0.02890625 0.08125
2 0.34921875 0.465625 0.01953125 0.07890625
2 0.61328125 0.5765625 0.01953125 0.09453125
3 0.42109375 0.375 0.0125 0.0625
2 0.33828125 0.38828125 0.0125 0.0625
2 0.34921875 0.4 0.015625 0.0578125
2 0.5265625 0.3265625 0.01953125 0.04921875
1 0.853125 0.37421875 0.0234375 0.059375
2 0.78671875 0.4640625 0.0203125 0.08203125
2 0.7546875 0.43046875 0.0265625 0.08515625
2 0.6984375 0.4234375 0.0171875 0.07109375
2 0.7203125 0.36328125 0.01640625 0.06953125
2 0.640625 0.3765625 0.01953125 0.0671875
2 0.58984375 0.3625 0.0234375 0.0546875
2 0.59609375 0.35078125 0.015625 0.0625
3 0.090625 0.959375 0.034375 0.08125
0 0.51171875 0.2046875 0.0046875 0.01015625