2 0.11484375 0.65625 0.02109375 0.090625
2 0.071875 0.51328125 0.0125 0.07109375
2 0.3203125 0.5359375 0.015625 0.0765625
2 0.40546875 0.4921875 0.01640625 0.06875
2 0.26640625 0.43828125 0.0125 0.059375
2 0.0875 0.4453125 0.01328125 0.059375
2 0.1109375 0.4375 0.0125 0.0640625
2 0.121875 0.38046875 0.01171875 0.0546875
2 0.19296875 0.35234375 0.00859375 0.04609375
2 0.3109375 0.32109375 0.01171875 0.04453125
2 0.51328125 0.37734375 0.01328125 0.05390625
2 0.40546875 0.34921875 0.0125 0.040625
2 0.74921875 0.68515625 0.0171875 0.09765625
2 0.8203125 0.45703125 0.01484375 0.06796875
2 0.63125 0.3875 0.01171875 0.0546875
2 0.71015625 0.33359375 0.0125 0.04765625
2 0.65234375 0.3484375 0.01328125 0.05234375
2 0.43125 0.32578125 0.0078125 0.0359375
2 0.459375 0.3203125 0.0109375 0.040625
2 0.44375 0.3453125 0.00703125 0.05
0 0.4578125 0.3640625 0.00546875 0.009375
3 0.29375 0.39921875 0.0125 0.0578125
3 0.1328125 0.32734375 0.0109375 0.04140625
3 0.22734375 0.9203125 0.01875 0.1171875
1 0.99765625 0.40703125 0.00390625 0.05234375