0 0.6640625 0.71640625 0.00859375 0.015625
3 0.9234375 0.6828125 0.01796875 0.075
2 0.04609375 0.5046875 0.0171875 0.0546875
2 0.13984375 0.534375 0.01171875 0.06640625
2 0.0078125 0.665625 0.0125 0.08359375
2 0.2203125 0.54375 0.0109375 0.0671875
2 0.278125 0.4296875 0.009375 0.05390625
1 0.559375 0.46875 0.01328125 0.0578125
2 0.66015625 0.578125 0.01484375 0.0703125
2 0.6515625 0.7390625 0.0125 0.07890625
2 0.265625 0.90546875 0.01640625 0.1234375
2 0.3625 0.696875 0.01171875 0.090625
2 0.4046875 0.578125 0.015625 0.06640625
2 0.003125 0.5765625 0.00625 0.0625