2 0.20234375 0.66015625 0.02265625 0.1
2 0.2125 0.528125 0.0171875 0.0765625
2 0.23125 0.48125 0.0140625 0.078125
2 0.25859375 0.45859375 0.01484375 0.0640625
2 0.309375 0.38984375 0.0140625 0.0625
3 0.47578125 0.42578125 0.01796875 0.0640625
2 0.52109375 0.46171875 0.01484375 0.06328125
2 0.590625 0.4859375 0.01640625 0.07109375
2 0.60546875 0.57265625 0.021875 0.0921875
3 0.3578125 0.33125 0.01328125 0.04609375
2 0.55078125 0.39921875 0.01171875 0.05859375
2 0.5265625 0.378125 0.0140625 0.05
2 0.52421875 0.3640625 0.015625 0.04765625
2 0.5375 0.34609375 0.01484375 0.04453125
2 0.56484375 0.35546875 0.0125 0.046875
2 0.55 0.36640625 0.01328125 0.040625
2 0.634375 0.41015625 0.01171875 0.06015625
2 0.67890625 0.4203125 0.01171875 0.05859375
2 0.7203125 0.38203125 0.009375 0.05703125
2 0.8625 0.37890625 0.015625 0.0546875
2 0.93671875 0.50390625 0.0234375 0.0859375
2 0.8578125 0.71171875 0.02421875 0.109375
3 0.546875 0.9578125 0.028125 0.084375