0 0.45 0.4 0.00625 0.0109375
1 0.4453125 0.375 0.0171875 0.06171875
2 0.41484375 0.46015625 0.01171875 0.08046875
2 0.39296875 0.66640625 0.028125 0.09765625
2 0.69765625 0.54921875 0.025 0.08984375
2 0.6609375 0.34609375 0.0140625 0.05703125
3 0.71796875 0.2796875 0.01328125 0.0453125
2 0.98359375 0.3203125 0.0125 0.05859375
3 0.89765625 0.41328125 0.0171875 0.065625
2 0.8234375 0.4125 0.0125 0.06875
2 0.85859375 0.44375 0.02421875 0.0703125
2 0.87890625 0.540625 0.01953125 0.0859375
2 0.94921875 0.48125 0.01796875 0.07578125