1 0.3203125 0.40546875 0.01640625 0.0546875
2 0.403125 0.4625 0.0234375 0.0578125
2 0.38984375 0.43203125 0.01640625 0.053125
2 0.41171875 0.4265625 0.01796875 0.0625
2 0.4296875 0.4078125 0.0203125 0.05078125
0 0.4375 0.41875 0.0078125 0.0140625
2 0.48046875 0.3796875 0.0140625 0.04609375
2 0.50703125 0.42734375 0.021875 0.05625
2 0.51328125 0.37265625 0.0140625 0.04375
2 0.53125 0.41171875 0.0140625 0.0546875
2 0.54140625 0.390625 0.01484375 0.0515625
3 0.63984375 0.44609375 0.025 0.059375
2 0.65 0.396875 0.015625 0.05703125
2 0.79375 0.38984375 0.0140625 0.046875
2 0.82421875 0.39921875 0.0171875 0.05546875
2 0.8890625 0.4578125 0.021875 0.0640625
2 0.92109375 0.59609375 0.02265625 0.0734375