0 0.5015625 0.38203125 0.00703125 0.0125
2 0.4765625 0.38125 0.01875 0.053125
2 0.45546875 0.4734375 0.015625 0.07265625
2 0.58046875 0.55078125 0.025 0.08515625
2 0.62109375 0.49375 0.01953125 0.0765625
2 0.58203125 0.40546875 0.01640625 0.05078125
2 0.528125 0.3234375 0.0140625 0.046875
2 0.703125 0.35078125 0.01328125 0.04921875
2 0.71796875 0.44375 0.01484375 0.06640625
2 0.76015625 0.490625 0.02734375 0.075
2 0.78203125 0.409375 0.0140625 0.0671875
2 0.79140625 0.4484375 0.0171875 0.0609375
3 0.76015625 0.4234375 0.015625 0.06328125
2 0.871875 0.5140625 0.025 0.0765625
2 0.990625 0.653125 0.01875 0.084375
2 0.9765625 0.4125 0.0140625 0.065625
2 0.953125 0.403125 0.01328125 0.059375
2 0.8640625 0.3734375 0.01328125 0.04921875
2 0.85703125 0.35703125 0.0125 0.0515625