2 0.45859375 0.35859375 0.02265625 0.07890625
2 0.3921875 0.55078125 0.02265625 0.1015625
2 0.475 0.55546875 0.02265625 0.09921875
2 0.41953125 0.83125 0.04453125 0.14140625
2 0.4046875 0.8515625 0.05390625 0.071875
0 0.565625 0.93828125 0.01484375 0.02109375
2 0.64609375 0.85703125 0.02890625 0.13203125
3 0.59765625 0.896875 0.02734375 0.1390625
2 0.8046875 0.83046875 0.02109375 0.13125
2 0.78828125 0.48984375 0.01640625 0.09140625
2 0.78046875 0.3484375 0.028125 0.07109375
2 0.696875 0.2671875 0.0125 0.0578125
2 0.87734375 0.465625 0.0203125 0.09296875
2 0.91328125 0.60625 0.0296875 0.11796875
2 0.9703125 0.615625 0.0296875 0.1171875
3 0.84921875 0.49765625 0.0265625 0.0859375