2 0.41328125 0.57734375 0.02890625 0.0796875
0 0.453125 0.61328125 0.00859375 0.01796875
2 0.45546875 0.53125 0.021875 0.071875
2 0.48984375 0.56953125 0.0265625 0.07421875
2 0.5078125 0.5609375 0.02578125 0.0796875
2 0.47890625 0.515625 0.02421875 0.06953125
2 0.41875 0.478125 0.02109375 0.075
3 0.3765625 0.44375 0.01796875 0.07109375
2 0.32890625 0.40078125 0.01875 0.0640625
2 0.22265625 0.31328125 0.015625 0.05078125
2 0.42109375 0.309375 0.01171875 0.05078125
2 0.50625 0.38828125 0.0171875 0.0671875
2 0.59765625 0.38515625 0.01796875 0.06875
2 0.646875 0.4078125 0.0171875 0.06484375
2 0.70703125 0.4375 0.015625 0.0671875
2 0.72421875 0.40390625 0.015625 0.06640625
2 0.78984375 0.4390625 0.01640625 0.06875
2 0.1515625 0.39765625 0.0203125 0.07109375
2 0.121875 0.4765625 0.02734375 0.08046875
2 0.07109375 0.4859375 0.0234375 0.084375
2 0.08125 0.4015625 0.0171875 0.06953125
2 0.06171875 0.38515625 0.01875 0.07109375