2 0.13515625 0.43671875 0.0171875 0.0734375
2 0.14296875 0.43125 0.0171875 0.0765625
2 0.13515625 0.42109375 0.01640625 0.06015625
2 0.16640625 0.41953125 0.01484375 0.07421875
2 0.171875 0.42265625 0.0171875 0.06796875
2 0.17890625 0.4078125 0.0125 0.0640625
2 0.19921875 0.43046875 0.0171875 0.0765625
2 0.28125 0.42734375 0.01953125 0.0625
2 0.26171875 0.37109375 0.01484375 0.06015625
2 0.2890625 0.365625 0.0109375 0.0609375
2 0.31875 0.390625 0.0171875 0.05859375
2 0.35234375 0.453125 0.01640625 0.0765625
2 0.40703125 0.4125 0.0140625 0.06328125
3 0.4125 0.41015625 0.015625 0.06328125
2 0.3765625 0.34296875 0.01328125 0.0546875
3 0.41015625 0.284375 0.009375 0.04375
2 0.4390625 0.465625 0.01328125 0.06875
2 0.47265625 0.44375 0.01328125 0.05078125
2 0.4703125 0.44765625 0.01953125 0.0296875
2 0.47734375 0.41796875 0.0140625 0.05390625
2 0.5125 0.4296875 0.02578125 0.065625
2 0.62109375 0.4265625 0.0171875 0.06953125