2 0.5609375 0.51953125 0.02265625 0.028125
2 0.59453125 0.40625 0.0125 0.0546875
2 0.64921875 0.5796875 0.01484375 0.08203125
2 0.821875 0.55234375 0.01796875 0.08125
2 0.82734375 0.475 0.015625 0.071875
2 0.77265625 0.40703125 0.01171875 0.04765625
2 0.7734375 0.45234375 0.015625 0.06328125
2 0.56171875 0.33046875 0.0125 0.03984375
2 0.45625 0.38671875 0.0140625 0.05078125
2 0.30546875 0.5234375 0.01953125 0.07109375
2 0.32734375 0.38671875 0.0109375 0.0515625
2 0.24453125 0.47421875 0.0203125 0.06796875
2 0.1703125 0.61484375 0.025 0.0734375
2 0.09296875 0.47734375 0.01328125 0.06328125
2 0.1296875 0.43515625 0.01171875 0.0625
2 0.11875 0.50703125 0.02109375 0.0734375
2 0.25234375 0.35390625 0.01015625 0.046875
2 0.30703125 0.328125 0.009375 0.04375
2 0.13203125 0.40078125 0.01328125 0.0234375
2 0.55234375 0.6328125 0.025 0.0859375
0 0.5328125 0.3453125 0.00390625 0.00859375
3 0.271875 0.3015625 0.0078125 0.03671875
3 0.47265625 0.4796875 0.02265625 0.06015625
3 0.55 0.88359375 0.01796875 0.11796875