2 0.171875 0.52890625 0.0203125 0.0859375
1 0.27890625 0.39609375 0.015625 0.0609375
2 0.403125 0.36875 0.01484375 0.05859375
2 0.35625 0.7578125 0.02421875 0.1078125
2 0.60859375 0.4453125 0.01328125 0.06953125
2 0.73359375 0.4984375 0.021875 0.07109375
2 0.73125 0.34453125 0.01171875 0.05078125
2 0.78046875 0.47734375 0.01640625 0.06953125
2 0.784375 0.69375 0.02421875 0.0984375
2 0.8296875 0.73046875 0.02578125 0.1
2 0.8765625 0.56015625 0.0203125 0.08203125
2 0.93828125 0.446875 0.0140625 0.05703125
3 0.9265625 0.4578125 0.02109375 0.071875