2 0.12109375 0.44453125 0.0140625 0.07890625
2 0.16640625 0.54140625 0.021875 0.07890625
2 0.15 0.39609375 0.0171875 0.065625
2 0.19765625 0.3734375 0.01796875 0.04765625
2 0.21328125 0.36328125 0.0234375 0.0625
3 0.178125 0.31171875 0.01640625 0.053125
3 0.37265625 0.4546875 0.025 0.0734375
2 0.40625 0.4734375 0.0203125 0.075
2 0.4265625 0.559375 0.03125 0.08984375
2 0.53359375 0.6453125 0.0375 0.09921875
2 0.50234375 0.47421875 0.0234375 0.07578125
2 0.42265625 0.39140625 0.0234375 0.059375
2 0.43359375 0.384375 0.01484375 0.05390625
2 0.45078125 0.34921875 0.01875 0.05
2 0.43203125 0.3203125 0.01796875 0.046875
2 0.51640625 0.38359375 0.01640625 0.06015625
2 0.60234375 0.40625 0.0203125 0.0609375
2 0.6234375 0.34921875 0.01171875 0.05
2 0.771875 0.40546875 0.01640625 0.0625
2 0.83359375 0.4796875 0.0140625 0.0796875
2 0.8734375 0.59921875 0.0171875 0.08359375
0 0.478125 0.3515625 0.00546875 0.0125