0 0.5265625 0.35078125 0.00703125 0.01015625
1 0.38203125 0.4171875 0.01171875 0.04765625
2 0.44140625 0.43203125 0.0125 0.04765625
2 0.43125 0.475 0.015625 0.05390625
2 0.50390625 0.478125 0.021875 0.05703125
2 0.4609375 0.434375 0.01328125 0.0515625
2 0.4859375 0.42734375 0.0140625 0.053125
2 0.51953125 0.403125 0.015625 0.05
2 0.56796875 0.3828125 0.01171875 0.04140625
2 0.57734375 0.3765625 0.0203125 0.04609375
2 0.61484375 0.43984375 0.015625 0.053125
3 0.659375 0.45703125 0.01328125 0.06640625
3 0.6671875 0.35078125 0.01328125 0.04453125
2 0.6875 0.4078125 0.01640625 0.05234375
2 0.70078125 0.40625 0.0171875 0.04453125
2 0.728125 0.38828125 0.0171875 0.05
2 0.8234375 0.38359375 0.0140625 0.04375
2 0.84609375 0.41640625 0.01796875 0.0546875