2 0.29921875 0.5734375 0.02109375 0.0859375
2 0.34609375 0.52578125 0.01328125 0.071875
2 0.3515625 0.52265625 0.01328125 0.065625
2 0.4453125 0.4984375 0.0125 0.06796875
3 0.596875 0.59140625 0.01875 0.0875
2 0.528125 0.5328125 0.01796875 0.07734375
1 0.4953125 0.41484375 0.01484375 0.05859375
2 0.62734375 0.44296875 0.01171875 0.05625
2 0.51796875 0.471875 0.01484375 0.065625
2 0.52734375 0.4734375 0.01171875 0.065625
2 0.61796875 0.5015625 0.0109375 0.06640625
2 0.621875 0.50234375 0.0109375 0.0640625
2 0.11171875 0.63671875 0.0171875 0.09140625
0 0.11875 0.62265625 0.00703125 0.01953125
2 0.7796875 0.44765625 0.01015625 0.05859375
2 0.8203125 0.47421875 0.0109375 0.06171875
2 0.93515625 0.60546875 0.0234375 0.08125
2 0.87890625 0.70703125 0.02421875 0.1015625
2 0.9015625 0.715625 0.01640625 0.09296875
3 0.86953125 0.3453125 0.009375 0.04609375