2 0.05078125 0.43828125 0.0125 0.04609375
2 0.09140625 0.47890625 0.0140625 0.053125
2 0.3875 0.44375 0.0125 0.05625
1 0.63203125 0.490625 0.0125 0.06171875
2 0.71328125 0.56015625 0.015625 0.071875
2 0.634375 0.7234375 0.02109375 0.09375
2 0.409375 0.60390625 0.021875 0.07890625
2 0.35625 0.73203125 0.0234375 0.08359375
2 0.36328125 0.68671875 0.01953125 0.08515625
2 0.2859375 0.6578125 0.0140625 0.0828125
2 0.30546875 0.55703125 0.01484375 0.0703125
2 0.24609375 0.55546875 0.01484375 0.0703125
2 0.259375 0.51015625 0.0140625 0.06171875
3 0.08984375 0.5765625 0.015625 0.0734375
0 0.496875 0.484375 0.00546875 0.009375