3 0.5890625 0.878125 0.0203125 0.12109375
2 0.52265625 0.52890625 0.01875 0.075
2 0.4296875 0.42890625 0.0125 0.05859375
2 0.75390625 0.51640625 0.015625 0.06796875
2 0.89609375 0.50625 0.0203125 0.071875
2 0.659375 0.40625 0.0125 0.05859375
2 0.56796875 0.36875 0.0125 0.0515625
2 0.5421875 0.35078125 0.009375 0.05234375
2 0.5203125 0.3390625 0.00859375 0.04609375
0 0.5015625 0.36796875 0.0046875 0.01015625
3 0.371875 0.30859375 0.0078125 0.0390625
2 0.44140625 0.3578125 0.01328125 0.0515625
2 0.96328125 0.403125 0.0078125 0.05859375
2 0.8953125 0.3796875 0.0140625 0.05546875
2 0.87578125 0.34765625 0.01015625 0.05
2 0.79140625 0.41953125 0.0109375 0.06484375
2 0.75 0.37890625 0.0140625 0.05859375
2 0.69921875 0.3140625 0.0109375 0.040625
2 0.6796875 0.36484375 0.0109375 0.0515625
3 0.77265625 0.353125 0.01015625 0.0484375
2 0.8046875 0.35859375 0.009375 0.04921875
2 0.8140625 0.38359375 0.00703125 0.05546875
2 0.82109375 0.3875 0.009375 0.053125
2 0.99765625 0.47265625 0.0046875 0.0328125