2 0.17109375 0.49453125 0.0171875 0.0671875
2 0.2984375 0.46015625 0.01328125 0.059375
3 0.3796875 0.52890625 0.0140625 0.07265625
1 0.5 0.425 0.01328125 0.053125
2 0.3640625 0.4375 0.0140625 0.0609375
2 0.390625 0.434375 0.01171875 0.0609375
2 0.45625 0.45859375 0.01328125 0.05859375
2 0.45078125 0.49140625 0.01484375 0.0578125
2 0.5453125 0.54375 0.0234375 0.075
2 0.60234375 0.5015625 0.01796875 0.06953125
2 0.66015625 0.584375 0.0234375 0.075
2 0.67890625 0.51875 0.021875 0.06171875
2 0.70078125 0.55078125 0.01484375 0.071875
2 0.7203125 0.571875 0.02265625 0.06328125
2 0.8734375 0.61953125 0.01953125 0.09453125
3 0.93359375 0.61484375 0.021875 0.071875
0 0.878125 0.5796875 0.0125 0.0265625