2 0.071875 0.41796875 0.01171875 0.04375
2 0.11015625 0.45625 0.01328125 0.05078125
2 0.39296875 0.42265625 0.01171875 0.053125
1 0.62578125 0.46796875 0.01171875 0.059375
2 0.703125 0.53359375 0.01484375 0.06875
2 0.628125 0.68984375 0.01953125 0.08984375
2 0.41328125 0.57578125 0.02109375 0.07578125
2 0.3625 0.6984375 0.021875 0.0796875
2 0.36953125 0.6546875 0.01875 0.08125
2 0.29609375 0.62734375 0.01328125 0.07890625
2 0.31484375 0.53125 0.0140625 0.0671875
2 0.2578125 0.5296875 0.0140625 0.0671875
2 0.2703125 0.48671875 0.01328125 0.05859375
3 0.109375 0.55 0.01484375 0.0703125
3 0.9890625 0.64609375 0.0171875 0.07734375
0 0.496875 0.46171875 0.00546875 0.009375