2 0.12421875 0.453125 0.0140625 0.07734375
2 0.16875 0.5484375 0.02109375 0.07734375
2 0.15234375 0.40546875 0.0171875 0.06484375
2 0.19921875 0.38359375 0.0171875 0.046875
2 0.2140625 0.3734375 0.0234375 0.0609375
3 0.1796875 0.32265625 0.01640625 0.05234375
3 0.3703125 0.46328125 0.025 0.071875
2 0.40234375 0.48125 0.01953125 0.0734375
2 0.4234375 0.565625 0.03125 0.08828125
2 0.52734375 0.64921875 0.03671875 0.09765625
2 0.49765625 0.48203125 0.0234375 0.075
2 0.41875 0.40078125 0.02265625 0.05859375
2 0.4296875 0.39453125 0.01484375 0.053125
2 0.446875 0.359375 0.01875 0.04921875
2 0.428125 0.33125 0.0171875 0.0453125
2 0.5109375 0.39375 0.01640625 0.05859375
2 0.59453125 0.41484375 0.01953125 0.06015625
2 0.615625 0.359375 0.0109375 0.04921875
2 0.7609375 0.41484375 0.01640625 0.06171875
2 0.821875 0.4875 0.0140625 0.078125
2 0.86015625 0.6046875 0.0171875 0.08125
0 0.47265625 0.3625 0.00546875 0.0125