2 0.0375 0.4265625 0.015625 0.06640625
2 0.14921875 0.35 0.01484375 0.046875
3 0.0984375 0.565625 0.0171875 0.0890625
2 0.15859375 0.59765625 0.02265625 0.0890625
2 0.19765625 0.521875 0.01875 0.07734375
2 0.2828125 0.815625 0.021875 0.11484375
2 0.29140625 0.740625 0.01796875 0.1109375
2 0.51875 0.62109375 0.02421875 0.0984375
0 0.51796875 0.51640625 0.0125 0.01875
2 0.53046875 0.40859375 0.01875 0.06875
2 0.58828125 0.6359375 0.02734375 0.096875
3 0.17734375 0.9109375 0.02265625 0.1296875
3 0.95703125 0.72421875 0.02734375 0.10625
2 0.7875 0.60625 0.02421875 0.10234375
2 0.66484375 0.57578125 0.0234375 0.084375
1 0.778125 0.4390625 0.02109375 0.075