1 0.81796875 0.40625 0.021875 0.07265625
2 0.625 0.753125 0.02578125 0.10859375
3 0.88984375 0.77265625 0.02578125 0.1015625
2 0.59140625 0.4890625 0.02421875 0.07734375
0 0.57578125 0.5171875 0.00703125 0.0109375
2 0.45546875 0.3484375 0.00859375 0.0578125
2 0.39609375 0.43984375 0.01328125 0.06953125
2 0.2234375 0.29921875 0.009375 0.04140625
2 0.21796875 0.6265625 0.01875 0.10078125
2 0.15 0.51796875 0.0171875 0.07734375
2 0.22109375 0.4984375 0.01953125 0.08203125
2 0.0859375 0.365625 0.0171875 0.059375
2 0.1796875 0.34765625 0.01171875 0.05234375
2 0.11796875 0.40625 0.01796875 0.0640625
2 0.21875 0.38984375 0.01328125 0.0609375
2 0.203125 0.40546875 0.015625 0.05859375
3 0.2296875 0.88203125 0.0234375 0.1125
3 0.07734375 0.48984375 0.01796875 0.07890625
2 0.046875 0.30390625 0.01640625 0.046875