2 0.3375 0.43671875 0.01171875 0.06875
2 0.41640625 0.346875 0.0171875 0.0625
2 0.44609375 0.4640625 0.02109375 0.0796875
2 0.54296875 0.3703125 0.01640625 0.06640625
2 0.36484375 0.4015625 0.01484375 0.065625
2 0.45625 0.31171875 0.01171875 0.05390625
3 0.47265625 0.2953125 0.0125 0.0484375
0 0.51640625 0.334375 0.00625 0.009375
2 0.5859375 0.32109375 0.01171875 0.046875
2 0.59921875 0.31171875 0.01171875 0.04921875
2 0.665625 0.36640625 0.01875 0.0625
2 0.67109375 0.35 0.0125 0.05859375
2 0.6890625 0.4796875 0.0125 0.0828125
2 0.6984375 0.4125 0.015625 0.06796875
3 0.76796875 0.39296875 0.0171875 0.06640625
2 0.7203125 0.3421875 0.015625 0.06171875
2 0.77421875 0.315625 0.01640625 0.046875
2 0.85078125 0.33125 0.0140625 0.04609375
2 0.8234375 0.37265625 0.0171875 0.06171875
1 0.07734375 0.3796875 0.0140625 0.059375
3 0.8765625 0.93984375 0.03515625 0.11953125
2 0.97890625 0.515625 0.0203125 0.078125