0 0.3015625 0.53203125 0.00703125 0.01875
3 0.59375 0.4984375 0.01484375 0.07265625
3 0.7953125 0.33359375 0.009375 0.0390625
1 0.49921875 0.403125 0.01484375 0.0546875
2 0.2578125 0.5078125 0.015625 0.075
2 0.396875 0.453125 0.01015625 0.0546875
2 0.40390625 0.45390625 0.01171875 0.06171875
2 0.41171875 0.453125 0.009375 0.05859375
2 0.51796875 0.42578125 0.0171875 0.0578125
2 0.534375 0.415625 0.0140625 0.0578125
2 0.56484375 0.53046875 0.01484375 0.075
2 0.5765625 0.47578125 0.0125 0.0703125
2 0.55390625 0.40859375 0.01328125 0.05546875
2 0.55859375 0.403125 0.01171875 0.05625
2 0.571875 0.42578125 0.0109375 0.04609375
2 0.57421875 0.40234375 0.01171875 0.053125
2 0.58515625 0.41015625 0.01328125 0.0609375
2 0.5984375 0.39609375 0.0109375 0.05078125
2 0.61484375 0.390625 0.01484375 0.04921875
2 0.6671875 0.42734375 0.01328125 0.05625
2 0.85625 0.45703125 0.01015625 0.0609375
2 0.97734375 0.5015625 0.009375 0.06171875