0 0.359375 0.4578125 0.00859375 0.00703125
1 0.34609375 0.43515625 0.01328125 0.0640625
3 0.653125 0.3390625 0.01484375 0.040625
2 0.2546875 0.56953125 0.0203125 0.0765625
2 0.2859375 0.71796875 0.0296875 0.1078125
2 0.53984375 0.39296875 0.01015625 0.05234375
2 0.70546875 0.47578125 0.015625 0.06796875
2 0.89296875 0.48828125 0.0140625 0.0640625
3 0.8890625 0.44140625 0.02109375 0.05546875
2 0.95078125 0.52578125 0.0203125 0.07265625
2 0.9703125 0.4421875 0.0171875 0.0640625
2 0.9875 0.4421875 0.01171875 0.0640625