2 0.4546875 0.59609375 0.0234375 0.09453125
3 0.46328125 0.89375 0.03125 0.1203125
2 0.32578125 0.3609375 0.01796875 0.06015625
2 0.4234375 0.3140625 0.0140625 0.03828125
2 0.31875 0.45859375 0.015625 0.0734375
2 0.346875 0.4703125 0.0171875 0.06953125
2 0.33359375 0.4328125 0.0125 0.059375
2 0.60703125 0.525 0.0125 0.0796875
3 0.503125 0.371875 0.01171875 0.05546875
0 0.48828125 0.33515625 0.00390625 0.00859375
2 0.5453125 0.3265625 0.01171875 0.05078125
2 0.5 0.31875 0.009375 0.03515625
2 0.5171875 0.33671875 0.01484375 0.0484375
3 0.36171875 0.303125 0.00859375 0.04296875
2 0.621875 0.315625 0.01171875 0.0453125
2 0.64375 0.3171875 0.01328125 0.03984375
2 0.66640625 0.3609375 0.0125 0.05
2 0.79921875 0.34140625 0.0109375 0.05078125
2 0.790625 0.38984375 0.0109375 0.053125
2 0.82421875 0.375 0.0140625 0.05703125
2 0.7984375 0.4234375 0.015625 0.065625
2 0.82109375 0.528125 0.015625 0.07890625
2 0.94921875 0.58828125 0.02265625 0.09296875
2 0.95546875 0.42734375 0.021875 0.07578125