2 0.12734375 0.53359375 0.01953125 0.07421875
2 0.26796875 0.4953125 0.01484375 0.065625
3 0.3578125 0.571875 0.015625 0.08046875
1 0.490625 0.45703125 0.01484375 0.05859375
2 0.340625 0.4703125 0.015625 0.06796875
2 0.36953125 0.46796875 0.0125 0.0671875
2 0.44296875 0.49453125 0.01484375 0.06484375
2 0.43671875 0.53046875 0.01640625 0.0640625
2 0.54140625 0.58828125 0.02578125 0.0828125
2 0.60390625 0.54140625 0.0203125 0.0765625
2 0.66796875 0.6328125 0.02578125 0.08359375
2 0.68828125 0.5609375 0.02421875 0.06875
2 0.7125 0.59609375 0.01640625 0.0796875
2 0.734375 0.61953125 0.025 0.06953125
2 0.903125 0.67265625 0.02109375 0.10390625
3 0.96953125 0.6671875 0.02421875 0.07890625
0 0.90859375 0.628125 0.0140625 0.0296875