1 0.33671875 0.4078125 0.015625 0.05234375
2 0.41640625 0.46328125 0.021875 0.05546875
2 0.40390625 0.43359375 0.015625 0.0515625
2 0.425 0.428125 0.0171875 0.06015625
2 0.4421875 0.41015625 0.01953125 0.04921875
0 0.44921875 0.42109375 0.0078125 0.0140625
2 0.49140625 0.3828125 0.01328125 0.04453125
2 0.5171875 0.4296875 0.02109375 0.05390625
2 0.52265625 0.37578125 0.01328125 0.0421875
2 0.540625 0.4140625 0.0140625 0.05234375
2 0.55 0.39375 0.0140625 0.05
3 0.64453125 0.446875 0.02421875 0.05703125
2 0.6546875 0.4 0.01484375 0.05546875
2 0.79296875 0.39296875 0.01328125 0.04453125
2 0.821875 0.40234375 0.01640625 0.053125
2 0.88515625 0.4578125 0.02109375 0.06171875
2 0.915625 0.59140625 0.021875 0.0703125