2 0.203125 0.5078125 0.0171875 0.09296875
2 0.14765625 0.65546875 0.021875 0.109375
2 0.47109375 0.63671875 0.02578125 0.09375
2 0.4984375 0.82890625 0.025 0.1359375
3 0.5625 0.84296875 0.0296875 0.1328125
2 0.61640625 0.67890625 0.02578125 0.1203125
2 0.5421875 0.615625 0.02109375 0.1046875
2 0.396875 0.38046875 0.01171875 0.05703125
2 0.54375 0.3890625 0.0078125 0.06875
2 0.60703125 0.5234375 0.01484375 0.084375
2 0.7046875 0.64296875 0.0203125 0.103125
3 0.62578125 0.4359375 0.01875 0.08046875
2 0.03671875 0.71875 0.02578125 0.10859375
2 0.83671875 0.696875 0.0171875 0.115625
2 0.85390625 0.54765625 0.01796875 0.090625
2 0.91171875 0.56015625 0.02109375 0.09296875
2 0.7734375 0.40390625 0.015625 0.0671875
2 0.86171875 0.4015625 0.01328125 0.0671875
2 0.98515625 0.471875 0.01953125 0.07890625
2 0.97421875 0.60546875 0.01796875 0.08125
0 0.50703125 0.790625 0.0078125 0.01953125
3 0.25078125 0.26171875 0.0078125 0.04453125