2 0.240625 0.4484375 0.0171875 0.065625
2 0.24296875 0.40234375 0.01953125 0.06015625
2 0.325 0.39765625 0.0125 0.05078125
2 0.40703125 0.35859375 0.01875 0.04453125
2 0.440625 0.55078125 0.02265625 0.0796875
0 0.46015625 0.36953125 0.00703125 0.01875
2 0.525 0.40234375 0.0203125 0.0515625
2 0.5453125 0.39296875 0.02578125 0.0546875
2 0.7015625 0.4796875 0.021875 0.06953125
2 0.665625 0.39609375 0.015625 0.05859375
3 0.62265625 0.378125 0.01640625 0.05
2 0.65234375 0.34765625 0.0171875 0.05
2 0.671875 0.378125 0.01875 0.05
2 0.71015625 0.3578125 0.01484375 0.053125
2 0.7234375 0.346875 0.0109375 0.05625
2 0.72890625 0.3265625 0.0203125 0.04453125
2 0.79453125 0.4 0.01875 0.04921875
2 0.79921875 0.3890625 0.02109375 0.053125
2 0.81875 0.40859375 0.0171875 0.06796875
2 0.853125 0.4484375 0.0171875 0.06796875
2 0.88671875 0.4640625 0.0203125 0.0640625
2 0.8640625 0.415625 0.0203125 0.059375