2 0.0875 0.4453125 0.01953125 0.0625
2 0.221875 0.5390625 0.01640625 0.078125
2 0.38046875 0.43359375 0.01484375 0.065625
2 0.42265625 0.4578125 0.01875 0.06484375
2 0.578125 0.42265625 0.0109375 0.06015625
2 0.61171875 0.5328125 0.015625 0.08046875
2 0.696875 0.47890625 0.01640625 0.07421875
2 0.76328125 0.53046875 0.0171875 0.08046875
2 0.771875 0.634375 0.02109375 0.0875
2 0.9171875 0.61953125 0.01640625 0.08984375
2 0.878125 0.63125 0.01640625 0.09375
2 0.67421875 0.72265625 0.0125 0.09296875
2 0.50078125 0.80703125 0.0203125 0.10859375
2 0.56875 0.70703125 0.015625 0.0921875
2 0.50234375 0.63125 0.0125 0.08671875
2 0.5296875 0.640625 0.009375 0.090625
2 0.51953125 0.6125 0.01328125 0.08984375
2 0.24765625 0.740625 0.03203125 0.11015625
3 0.25234375 0.87421875 0.02109375 0.09609375
3 0.3109375 0.50625 0.0140625 0.07421875
0 0.515625 0.78984375 0.00859375 0.01875