2 0.4375 0.59765625 0.02421875 0.09921875
3 0.446875 0.9078125 0.0328125 0.12578125
2 0.30234375 0.35234375 0.01875 0.0625
2 0.40546875 0.303125 0.0140625 0.040625
2 0.2953125 0.45390625 0.01640625 0.07734375
2 0.325 0.46640625 0.01796875 0.07265625
2 0.31171875 0.4265625 0.01328125 0.0625
2 0.59609375 0.5234375 0.01328125 0.08359375
3 0.48828125 0.3640625 0.0125 0.0578125
0 0.47265625 0.325 0.00390625 0.00859375
2 0.53203125 0.315625 0.0125 0.053125
2 0.48515625 0.3078125 0.01015625 0.03671875
2 0.50234375 0.3265625 0.015625 0.05078125
3 0.33984375 0.2921875 0.00859375 0.04453125
2 0.61171875 0.3046875 0.0125 0.04765625
2 0.634375 0.30625 0.01328125 0.04140625
2 0.65859375 0.3515625 0.01328125 0.05234375
2 0.79765625 0.33203125 0.0109375 0.053125
2 0.78828125 0.38203125 0.0109375 0.05546875
2 0.82265625 0.36640625 0.0140625 0.059375
2 0.79609375 0.4171875 0.01640625 0.06796875
2 0.8203125 0.5265625 0.01640625 0.08203125
2 0.95390625 0.5890625 0.02421875 0.09765625
2 0.96015625 0.42109375 0.02265625 0.07890625