2 0.253125 0.46875 0.0140625 0.07421875
2 0.17890625 0.434375 0.0125 0.0640625
2 0.21875 0.37265625 0.0109375 0.05859375
2 0.23046875 0.37265625 0.01171875 0.0546875
2 0.43984375 0.396875 0.01171875 0.05703125
2 0.60234375 0.3828125 0.01484375 0.06171875
2 0.4890625 0.340625 0.01328125 0.0421875
3 0.546875 0.365625 0.009375 0.05
2 0.50859375 0.32734375 0.009375 0.04453125
2 0.5359375 0.34453125 0.01171875 0.04296875
2 0.54375 0.33203125 0.009375 0.04296875
2 0.553125 0.33359375 0.009375 0.0453125
2 0.5875 0.3359375 0.00703125 0.04609375
2 0.60859375 0.3359375 0.00859375 0.040625
2 0.6625 0.3640625 0.01015625 0.05234375
2 0.71953125 0.4109375 0.0125 0.0578125
2 0.8546875 0.4421875 0.01015625 0.05703125
2 0.8125 0.4046875 0.0109375 0.05546875
2 0.74609375 0.4171875 0.01015625 0.0625
2 0.7171875 0.36484375 0.0078125 0.0453125
2 0.728125 0.3765625 0.0109375 0.04765625
0 0.48515625 0.359375 0.0046875 0.00546875
1 0.95859375 0.3984375 0.01015625 0.06015625
3 0.0671875 0.3421875 0.009375 0.04140625
3 0.30546875 0.90234375 0.02109375 0.11875