2 0.21328125 0.540625 0.01875 0.1
2 0.153125 0.69921875 0.0234375 0.11796875
2 0.50234375 0.6796875 0.028125 0.1015625
2 0.53203125 0.88671875 0.02734375 0.146875
3 0.60078125 0.90234375 0.03203125 0.14296875
2 0.65859375 0.725 0.028125 0.1296875
2 0.57890625 0.65703125 0.02265625 0.11328125
2 0.421875 0.40234375 0.0125 0.06171875
2 0.58046875 0.41171875 0.00859375 0.07421875
2 0.6484375 0.5578125 0.01640625 0.09140625
2 0.75390625 0.6859375 0.021875 0.11171875
3 0.66953125 0.4625 0.0203125 0.0875
2 0.0328125 0.76796875 0.028125 0.1171875
2 0.89609375 0.74453125 0.01796875 0.125
2 0.91484375 0.58359375 0.01953125 0.09765625
2 0.97734375 0.596875 0.02265625 0.1
2 0.828125 0.428125 0.0171875 0.07265625
2 0.9234375 0.42578125 0.0140625 0.07265625
0 0.540625 0.8453125 0.0078125 0.02109375
3 0.2640625 0.27421875 0.0078125 0.04765625