2 0.41484375 0.628125 0.015625 0.0875
2 0.18203125 0.6640625 0.015625 0.096875
2 0.15234375 0.57890625 0.01484375 0.07734375
2 0.14453125 0.54453125 0.01171875 0.07578125
2 0.1265625 0.48359375 0.01171875 0.07265625
2 0.3078125 0.4328125 0.01328125 0.059375
2 0.4921875 0.4578125 0.01015625 0.065625
2 0.46796875 0.3765625 0.01015625 0.05625
2 0.57421875 0.45703125 0.01171875 0.0609375
3 0.59921875 0.42890625 0.0109375 0.0609375
2 0.69921875 0.49375 0.01328125 0.07265625
2 0.74453125 0.5125 0.01484375 0.07734375
2 0.821875 0.47890625 0.0140625 0.07265625
2 0.7 0.38828125 0.0109375 0.059375
2 0.71796875 0.39140625 0.01328125 0.05234375
2 0.8515625 0.4671875 0.0109375 0.07265625
2 0.9140625 0.5515625 0.01171875 0.07890625
2 0.9234375 0.55625 0.01015625 0.08203125
0 0.525 0.40703125 0.009375 0.01796875
2 0.75703125 0.4765625 0.009375 0.0640625
2 0.7546875 0.44375 0.01015625 0.0640625
2 0.7578125 0.415625 0.01015625 0.0546875
3 0.3375 0.921875 0.021875 0.13203125
3 0.08984375 0.3328125 0.0125 0.04375