2 0.08515625 0.7046875 0.0234375 0.10078125
2 0.0375 0.546875 0.0140625 0.07890625
2 0.31171875 0.571875 0.0171875 0.084375
2 0.40546875 0.52265625 0.01796875 0.0765625
2 0.25234375 0.4640625 0.01328125 0.065625
2 0.0546875 0.471875 0.0140625 0.065625
2 0.08046875 0.4625 0.0140625 0.07109375
2 0.0921875 0.39921875 0.01328125 0.06015625
2 0.17109375 0.36796875 0.01015625 0.05078125
2 0.3015625 0.33359375 0.01328125 0.05
2 0.525 0.39609375 0.01484375 0.059375
2 0.40625 0.36484375 0.0140625 0.04453125
2 0.7859375 0.7359375 0.01875 0.10859375
2 0.8640625 0.484375 0.01640625 0.07578125
2 0.6546875 0.40703125 0.01328125 0.0609375
2 0.7421875 0.34765625 0.01328125 0.05234375
2 0.67890625 0.3640625 0.01484375 0.0578125
2 0.434375 0.3390625 0.00859375 0.03984375
2 0.465625 0.3328125 0.01171875 0.04453125
2 0.4484375 0.36015625 0.0078125 0.0546875
0 0.4640625 0.38125 0.00625 0.01015625
3 0.28203125 0.4203125 0.0140625 0.0640625
3 0.1046875 0.340625 0.01171875 0.0453125
3 0.209375 0.965625 0.0203125 0.06875