3 0.2109375 0.30703125 0.0078125 0.03828125
3 0.6359375 0.4171875 0.00859375 0.0546875
0 0.4859375 0.4515625 0.00625 0.01328125
3 0.39609375 0.8765625 0.01796875 0.1140625
2 0.21015625 0.446875 0.01171875 0.06171875
2 0.27578125 0.5734375 0.0171875 0.07734375
2 0.390625 0.3359375 0.0078125 0.04375
2 0.29921875 0.48515625 0.009375 0.0578125
2 0.3109375 0.51484375 0.01171875 0.07890625
2 0.5390625 0.471875 0.01015625 0.06484375
2 0.553125 0.475 0.01171875 0.0625
2 0.68203125 0.49140625 0.009375 0.06484375
2 0.678125 0.39609375 0.0140625 0.05234375
2 0.728125 0.38828125 0.0109375 0.05390625
2 0.70546875 0.38828125 0.0140625 0.04765625
2 0.7265625 0.45859375 0.01328125 0.0625
2 0.778125 0.4296875 0.0125 0.06328125
2 0.75390625 0.41640625 0.01484375 0.05625
2 0.85234375 0.47109375 0.0078125 0.06875
2 0.75078125 0.5421875 0.01484375 0.0671875
2 0.90234375 0.64609375 0.0140625 0.0890625
2 0.93671875 0.56171875 0.01953125 0.08125
2 0.74140625 0.625 0.01875 0.08203125
2 0.64375 0.42734375 0.009375 0.05390625