3 0.21796875 0.24296875 0.00859375 0.04296875
3 0.6921875 0.36640625 0.009375 0.0609375
0 0.525 0.40390625 0.0078125 0.01484375
3 0.42421875 0.88046875 0.0203125 0.128125
2 0.21640625 0.39921875 0.01328125 0.06953125
2 0.28984375 0.54140625 0.01953125 0.08671875
2 0.41875 0.27421875 0.00859375 0.0484375
2 0.315625 0.4421875 0.01015625 0.06484375
2 0.32890625 0.475 0.01328125 0.08828125
2 0.58515625 0.42734375 0.0109375 0.07265625
2 0.60078125 0.43046875 0.01328125 0.0703125
2 0.74453125 0.4484375 0.01015625 0.07265625
2 0.73984375 0.3421875 0.015625 0.05859375
2 0.79609375 0.33359375 0.01171875 0.06015625
2 0.7703125 0.33359375 0.01640625 0.053125
2 0.79375 0.4125 0.01484375 0.06953125
2 0.8515625 0.3796875 0.0140625 0.07109375
2 0.825 0.36484375 0.01640625 0.06328125
2 0.93515625 0.4265625 0.009375 0.07734375
2 0.82109375 0.50546875 0.01640625 0.075
2 0.990625 0.62265625 0.015625 0.09921875
2 0.8109375 0.5984375 0.02109375 0.0921875
2 0.7015625 0.3765625 0.01015625 0.06015625