2 0.25234375 0.38984375 0.01953125 0.075
2 0.2546875 0.33671875 0.021875 0.06953125
2 0.3484375 0.33125 0.0140625 0.05859375
2 0.4421875 0.2859375 0.021875 0.05078125
2 0.48125 0.50703125 0.02578125 0.09140625
0 0.50390625 0.29921875 0.00859375 0.02109375
2 0.578125 0.33671875 0.02265625 0.059375
2 0.6015625 0.3265625 0.0296875 0.0625
2 0.78125 0.425 0.02578125 0.0796875
2 0.73984375 0.3296875 0.01796875 0.0671875
3 0.690625 0.30859375 0.01875 0.05703125
2 0.725 0.2734375 0.01953125 0.05703125
2 0.746875 0.30859375 0.021875 0.0578125
2 0.790625 0.2859375 0.0171875 0.0609375
2 0.80546875 0.27265625 0.0125 0.06484375
2 0.8125 0.24921875 0.0234375 0.0515625
2 0.88828125 0.33359375 0.021875 0.05625
2 0.89375 0.321875 0.02421875 0.06171875
2 0.91484375 0.34375 0.01953125 0.078125
2 0.95546875 0.38984375 0.0203125 0.078125
2 0.990625 0.4078125 0.01875 0.07421875
2 0.96796875 0.3515625 0.0234375 0.06875