2 0.6390625 0.71796875 0.0234375 0.10625
3 0.8796875 0.653125 0.0171875 0.08828125
2 0.15078125 0.86484375 0.03125 0.14140625
2 0.22109375 0.6640625 0.0234375 0.1015625
2 0.0640625 0.52890625 0.01953125 0.0859375
2 0.1703125 0.48046875 0.02109375 0.0765625
2 0.325 0.46640625 0.01953125 0.0765625
2 0.525 0.48984375 0.01796875 0.0765625
1 0.5015625 0.4203125 0.015625 0.0625
2 0.2859375 0.39609375 0.0140625 0.06015625
0 0.50234375 0.51171875 0.0078125 0.028125
2 0.00703125 0.4359375 0.0140625 0.053125
2 0.0109375 0.378125 0.0125 0.0515625