2 0.41640625 0.46875 0.015625 0.06015625
2 0.403125 0.425 0.01484375 0.05703125
2 0.3984375 0.3890625 0.0078125 0.05703125
2 0.5296875 0.35078125 0.0109375 0.0421875
2 0.615625 0.40703125 0.00859375 0.05546875
2 0.56796875 0.403125 0.0109375 0.053125
2 0.57109375 0.37578125 0.01328125 0.0515625
2 0.5671875 0.37578125 0.01328125 0.04765625
3 0.4984375 0.30625 0.0109375 0.03828125
2 0.5078125 0.37578125 0.01015625 0.04921875
2 0.5015625 0.37578125 0.01953125 0.05
0 0.4984375 0.36484375 0.0046875 0.01015625
3 0.68671875 0.9 0.01796875 0.11171875
2 0.94765625 0.50703125 0.01328125 0.06875
2 0.9921875 0.44296875 0.009375 0.065625
2 0.8890625 0.39296875 0.00859375 0.05390625
2 0.859375 0.3875 0.00859375 0.05
2 0.8671875 0.35546875 0.009375 0.04453125
2 0.65859375 0.353125 0.00859375 0.053125
2 0.7171875 0.3421875 0.0140625 0.0421875
2 0.7453125 0.396875 0.0171875 0.04921875
2 0.73125 0.384375 0.009375 0.05
3 0.70546875 0.40703125 0.0140625 0.0515625
2 0.66796875 0.5109375 0.01328125 0.071875