1 0.83203125 0.39765625 0.01796875 0.06484375
2 0.45546875 0.4734375 0.01640625 0.0765625
2 0.4859375 0.4796875 0.01640625 0.0765625
2 0.6078125 0.7421875 0.040625 0.12109375
3 0.865625 0.74453125 0.03046875 0.12109375
2 0.3234375 0.49921875 0.01796875 0.084375
2 0.2140625 0.6015625 0.0140625 0.078125
2 0.225 0.5375 0.01875 0.08203125
2 0.4171875 0.36640625 0.015625 0.07265625
2 0.27421875 0.309375 0.01171875 0.053125
2 0.0359375 0.440625 0.01875 0.084375
3 0.046875 0.9203125 0.02890625 0.1328125
2 0.16328125 0.375 0.0140625 0.06640625
2 0.05390625 0.3390625 0.01953125 0.05703125
2 0.15078125 0.46015625 0.01484375 0.06875
2 0.16171875 0.46796875 0.0109375 0.06953125
0 0.478125 0.51640625 0.0078125 0.01328125