1 0.85859375 0.4078125 0.01953125 0.071875
2 0.43984375 0.4921875 0.01796875 0.084375
2 0.47421875 0.49921875 0.01796875 0.084375
2 0.61015625 0.790625 0.0453125 0.134375
3 0.89609375 0.79296875 0.034375 0.134375
2 0.29296875 0.5203125 0.01953125 0.09296875
2 0.171875 0.634375 0.015625 0.08671875
2 0.18359375 0.56328125 0.02109375 0.09140625
2 0.39765625 0.37265625 0.0171875 0.08046875
2 0.23828125 0.31015625 0.01328125 0.05859375
2 0.115625 0.3828125 0.015625 0.0734375
2 0.00234375 0.3421875 0.0046875 0.0625
2 0.1015625 0.47734375 0.01640625 0.0765625
2 0.11328125 0.4859375 0.01171875 0.07734375
0 0.465625 0.540625 0.00859375 0.01484375