2 0.078125 0.47265625 0.01328125 0.06875
2 0.43359375 0.684375 0.021875 0.09296875
2 0.68046875 0.55 0.015625 0.07578125
2 0.9140625 0.634375 0.01796875 0.09296875
1 0.72890625 0.384375 0.01796875 0.05859375
2 0.4421875 0.4625 0.01484375 0.06171875
2 0.4171875 0.4265625 0.01015625 0.05546875
2 0.58203125 0.4546875 0.01328125 0.0609375
2 0.56171875 0.42734375 0.0140625 0.059375
2 0.4515625 0.37265625 0.01171875 0.05390625
2 0.42421875 0.390625 0.0140625 0.05078125
2 0.4734375 0.3828125 0.0109375 0.0546875
2 0.48828125 0.3859375 0.009375 0.0578125
2 0.52421875 0.40546875 0.01171875 0.05859375
2 0.50703125 0.3953125 0.01015625 0.06015625
2 0.54453125 0.42734375 0.01328125 0.0578125
3 0.1109375 0.90078125 0.01875 0.11875
0 0.509375 0.7 0.01015625 0.0171875
2 0.53359375 0.42109375 0.00625 0.05234375
2 0.53984375 0.39296875 0.00859375 0.01796875
2 0.5 0.39375 0.009375 0.05625
3 0.36484375 0.3984375 0.01015625 0.05859375