0 0.5390625 0.32734375 0.00703125 0.01015625
1 0.3875 0.396875 0.0125 0.05
2 0.44921875 0.41171875 0.01328125 0.05
2 0.4390625 0.45703125 0.01640625 0.05625
2 0.51484375 0.4609375 0.0234375 0.06015625
2 0.4703125 0.41484375 0.0140625 0.05390625
2 0.49609375 0.40703125 0.01484375 0.05546875
2 0.53125 0.38125 0.01640625 0.053125
2 0.5828125 0.36015625 0.01171875 0.04375
2 0.5921875 0.35390625 0.02109375 0.0484375
2 0.63203125 0.4203125 0.01640625 0.05546875
3 0.678125 0.43828125 0.0140625 0.06953125
3 0.6859375 0.32734375 0.0140625 0.04609375
2 0.7078125 0.38671875 0.0171875 0.0546875
2 0.721875 0.38515625 0.01796875 0.046875
2 0.75078125 0.36640625 0.01796875 0.05234375
2 0.85 0.36171875 0.01484375 0.04609375
2 0.87421875 0.3953125 0.01875 0.05703125