0 0.3 0.53125 0.00703125 0.01875
3 0.5953125 0.49765625 0.01484375 0.0734375
3 0.79921875 0.33046875 0.009375 0.0390625
1 0.5 0.40078125 0.01484375 0.05546875
2 0.25546875 0.50703125 0.015625 0.07578125
2 0.39609375 0.45234375 0.01015625 0.05546875
2 0.40390625 0.45234375 0.01171875 0.06171875
2 0.41171875 0.4515625 0.009375 0.059375
2 0.51875 0.42421875 0.01796875 0.05859375
2 0.53515625 0.4140625 0.0140625 0.05859375
2 0.565625 0.5296875 0.01484375 0.07578125
2 0.578125 0.475 0.0125 0.07109375
2 0.55546875 0.40625 0.01328125 0.05625
2 0.56015625 0.4015625 0.01171875 0.05703125
2 0.5734375 0.42421875 0.0109375 0.046875
2 0.57578125 0.40078125 0.01171875 0.05390625
2 0.58671875 0.40859375 0.01328125 0.06171875
2 0.6 0.39375 0.01171875 0.0515625
2 0.6171875 0.38828125 0.01484375 0.04921875
2 0.66953125 0.42578125 0.01328125 0.05703125
2 0.86015625 0.45546875 0.01015625 0.06171875
2 0.9828125 0.50078125 0.009375 0.0625