0 0.35390625 0.44921875 0.00703125 0.015625
3 0.609375 0.32890625 0.0109375 0.040625
1 0.28671875 0.415625 0.015625 0.06875
2 0.31953125 0.5046875 0.01484375 0.071875
2 0.284375 0.71171875 0.0296875 0.0859375
2 0.53671875 0.38515625 0.0109375 0.053125
2 0.66015625 0.4609375 0.01953125 0.0640625
2 0.7421875 0.34609375 0.01328125 0.046875
3 0.85234375 0.4328125 0.0125 0.0578125
2 0.87734375 0.5640625 0.021875 0.078125
2 0.94453125 0.5546875 0.015625 0.071875
2 0.94609375 0.5234375 0.01484375 0.0609375
2 0.92734375 0.46484375 0.01484375 0.06640625
2 0.96328125 0.43359375 0.01640625 0.06171875
2 0.98203125 0.434375 0.01328125 0.0578125
2 0.9953125 0.55234375 0.009375 0.078125