0 0.3015625 0.53125 0.009375 0.01171875
2 0.29296875 0.50546875 0.015625 0.06875
2 0.41796875 0.52109375 0.015625 0.07109375
2 0.39609375 0.45390625 0.01015625 0.05625
2 0.4015625 0.45078125 0.01171875 0.0625
2 0.4109375 0.453125 0.01015625 0.0546875
3 0.42109375 0.4609375 0.0171875 0.06015625
1 0.45546875 0.4140625 0.0140625 0.06015625
2 0.51953125 0.425 0.01015625 0.06015625
2 0.534375 0.415625 0.0140625 0.059375
2 0.54921875 0.41484375 0.015625 0.05703125
2 0.5578125 0.403125 0.01796875 0.0578125
2 0.5703125 0.39921875 0.01328125 0.05390625
2 0.5828125 0.42734375 0.0109375 0.0546875
2 0.57890625 0.40390625 0.0125 0.05078125
2 0.58828125 0.39921875 0.01328125 0.05703125
2 0.60390625 0.40234375 0.009375 0.05859375
2 0.64765625 0.403125 0.01328125 0.05625
2 0.69765625 0.4453125 0.01484375 0.05546875
2 0.8578125 0.575 0.01953125 0.084375
2 0.96796875 0.51484375 0.01875 0.06875
3 0.790625 0.33046875 0.009375 0.040625