2 0.3078125 0.71328125 0.03359375 0.08828125
2 0.26640625 0.6375 0.01640625 0.09375
2 0.7234375 0.6671875 0.01328125 0.08203125
2 0.65625 0.59296875 0.0265625 0.0609375
2 0.60703125 0.60625 0.01484375 0.07890625
2 0.5375 0.6171875 0.01328125 0.07734375
2 0.56640625 0.5859375 0.01796875 0.0734375
2 0.675 0.51328125 0.0125 0.065625
2 0.7015625 0.52109375 0.0109375 0.07109375
0 0.76796875 0.6875 0.00703125 0.0140625
3 0.91796875 0.61171875 0.01796875 0.07265625
2 0.1078125 0.6109375 0.01484375 0.078125
2 0.08984375 0.48359375 0.01328125 0.05859375
2 0.28671875 0.48828125 0.015625 0.06171875
3 0.321875 0.53671875 0.01640625 0.06875
2 0.371875 0.45625 0.0140625 0.05859375
2 0.4109375 0.459375 0.0125 0.0546875
1 0.50625 0.43125 0.0109375 0.053125
2 0.4953125 0.47734375 0.00546875 0.05546875
2 0.51484375 0.5 0.009375 0.0625
2 0.5390625 0.490625 0.0171875 0.0578125
2 0.50078125 0.5203125 0.00859375 0.0625