2 0.41328125 0.590625 0.03046875 0.08359375
0 0.45546875 0.628125 0.009375 0.01875
2 0.45703125 0.5421875 0.02265625 0.075
2 0.49375 0.58203125 0.028125 0.07734375
2 0.51171875 0.5734375 0.02734375 0.0828125
2 0.48203125 0.52578125 0.025 0.07265625
2 0.41875 0.48671875 0.021875 0.07890625
3 0.375 0.4515625 0.01796875 0.07421875
2 0.325 0.40546875 0.01953125 0.0671875
2 0.2140625 0.31484375 0.01640625 0.053125
2 0.42109375 0.3109375 0.0125 0.053125
2 0.51015625 0.39296875 0.01796875 0.06953125
2 0.60625 0.38984375 0.01875 0.071875
2 0.65703125 0.4140625 0.01796875 0.0671875
2 0.7203125 0.44453125 0.01640625 0.0703125
2 0.7375 0.409375 0.015625 0.06953125
2 0.80625 0.44609375 0.0171875 0.071875
2 0.140625 0.403125 0.02109375 0.07421875
2 0.10859375 0.48515625 0.02890625 0.08359375
2 0.05625 0.4953125 0.025 0.0875
2 0.06640625 0.40703125 0.01796875 0.07265625
2 0.046875 0.38984375 0.01953125 0.07421875