2 0.01171875 0.4046875 0.02109375 0.07265625
2 0.1046875 0.41484375 0.0171875 0.06796875
2 0.06328125 0.7421875 0.02265625 0.10859375
2 0.1328125 0.7 0.01875 0.1140625
2 0.190625 0.5203125 0.0171875 0.08671875
2 0.24765625 0.49140625 0.0296875 0.090625
3 0.26484375 0.56015625 0.015625 0.09140625
2 0.3734375 0.678125 0.025 0.115625
2 0.5 0.83046875 0.03046875 0.12265625
2 0.50234375 0.68515625 0.0296875 0.1140625
0 0.48828125 0.8140625 0.0109375 0.02421875
2 0.56171875 0.3796875 0.01640625 0.07109375
2 0.72578125 0.41796875 0.01484375 0.06875
2 0.8375 0.4921875 0.01484375 0.07890625
2 0.92890625 0.60078125 0.02265625 0.1046875
2 0.96015625 0.6296875 0.0203125 0.1078125