2 0.309375 0.56640625 0.02109375 0.084375
2 0.35546875 0.51953125 0.01328125 0.0703125
2 0.36015625 0.51640625 0.01328125 0.0640625
2 0.453125 0.49140625 0.0125 0.06640625
3 0.60234375 0.58359375 0.01875 0.0859375
2 0.534375 0.52578125 0.0171875 0.07578125
1 0.5015625 0.41015625 0.0140625 0.0578125
2 0.63203125 0.43671875 0.01171875 0.05546875
2 0.52421875 0.465625 0.0140625 0.0640625
2 0.53359375 0.4671875 0.01171875 0.0640625
2 0.62265625 0.49453125 0.0109375 0.065625
2 0.6265625 0.49609375 0.0109375 0.06328125
2 0.12421875 0.62734375 0.01640625 0.08984375
0 0.13125 0.6140625 0.00703125 0.01953125
2 0.78203125 0.4421875 0.01015625 0.0578125
2 0.821875 0.46796875 0.0109375 0.06015625
2 0.93515625 0.596875 0.0234375 0.0796875
2 0.8796875 0.696875 0.0234375 0.1
2 0.9015625 0.70546875 0.015625 0.09140625
3 0.8703125 0.34140625 0.009375 0.0453125