1 0.490625 0.4046875 0.01015625 0.05625
2 0.10625 0.5984375 0.02421875 0.08671875
2 0.20234375 0.56328125 0.01953125 0.08984375
0 0.24296875 0.575 0.01171875 0.02421875
2 0.28203125 0.66328125 0.03359375 0.09453125
2 0.33046875 0.67265625 0.02265625 0.08671875
2 0.32890625 0.6453125 0.0265625 0.09921875
2 0.315625 0.60078125 0.02421875 0.08359375
2 0.35234375 0.52578125 0.01875 0.06875
2 0.55 0.72265625 0.02578125 0.109375
2 0.609375 0.70546875 0.02578125 0.09609375
2 0.46953125 0.46796875 0.0140625 0.07265625
2 0.47265625 0.58671875 0.0140625 0.09140625
2 0.4828125 0.57734375 0.015625 0.0890625
2 0.5453125 0.503125 0.01328125 0.071875
2 0.6359375 0.446875 0.0140625 0.06875
2 0.72421875 0.4984375 0.01328125 0.0671875
3 0.671875 0.5671875 0.02890625 0.0796875
2 0.8609375 0.68359375 0.02578125 0.109375
2 0.90546875 0.49609375 0.0171875 0.0640625
3 0.878125 0.321875 0.01328125 0.04296875