2 0.44296875 0.36015625 0.0203125 0.07109375
2 0.3828125 0.5328125 0.0203125 0.09140625
2 0.4578125 0.53671875 0.0203125 0.08984375
2 0.4078125 0.78515625 0.03984375 0.12734375
2 0.39375 0.80390625 0.0484375 0.06484375
0 0.5390625 0.88125 0.01328125 0.01875
2 0.61171875 0.80859375 0.02578125 0.11875
3 0.56796875 0.84453125 0.02421875 0.125
2 0.75390625 0.784375 0.01875 0.11796875
2 0.73984375 0.478125 0.01484375 0.0828125
2 0.7328125 0.35078125 0.025 0.0640625
2 0.6578125 0.27734375 0.0109375 0.0515625
2 0.8203125 0.45625 0.01796875 0.08359375
2 0.85234375 0.5828125 0.0265625 0.10625
2 0.903125 0.59140625 0.0265625 0.10546875
3 0.79453125 0.48515625 0.0234375 0.07734375