3 0.61171875 0.88125 0.021875 0.13046875
2 0.53984375 0.5046875 0.0203125 0.08125
2 0.43984375 0.39609375 0.01328125 0.06328125
2 0.7890625 0.490625 0.0171875 0.0734375
2 0.9421875 0.4796875 0.021875 0.07734375
2 0.6875 0.371875 0.01328125 0.06328125
2 0.58828125 0.33125 0.01328125 0.05625
2 0.5609375 0.31171875 0.009375 0.05703125
2 0.5375 0.29921875 0.009375 0.05
0 0.5171875 0.33046875 0.00546875 0.0109375
3 0.37734375 0.26640625 0.00859375 0.0421875
2 0.45234375 0.31953125 0.0140625 0.05625
2 0.94140625 0.34296875 0.01484375 0.06015625
2 0.9203125 0.30859375 0.0109375 0.05390625
2 0.8296875 0.3859375 0.01171875 0.0703125
2 0.78515625 0.3421875 0.015625 0.06328125
2 0.73046875 0.271875 0.01171875 0.04375
2 0.709375 0.3265625 0.01171875 0.05546875
3 0.80859375 0.3140625 0.0109375 0.05234375
2 0.84375 0.3203125 0.01015625 0.053125
2 0.85390625 0.346875 0.0078125 0.059375
2 0.8609375 0.3515625 0.01015625 0.0578125