2 0.08671875 0.671875 0.021875 0.103125
2 0.01953125 0.33671875 0.01171875 0.065625
2 0.0921875 0.3203125 0.0125 0.06484375
2 0.1328125 0.29765625 0.01015625 0.05859375
2 0.2703125 0.5390625 0.0203125 0.0875
2 0.353125 0.48671875 0.0125 0.08203125
2 0.44296875 0.3828125 0.0140625 0.06953125
2 0.459375 0.3328125 0.0125 0.05859375
0 0.4578125 0.29921875 0.0046875 0.009375
2 0.33515625 0.3015625 0.0140625 0.05546875
2 0.39375 0.290625 0.009375 0.04609375
2 0.4015625 0.290625 0.01640625 0.0484375
2 0.22734375 0.25625 0.00859375 0.04765625
3 0.18828125 0.38515625 0.0140625 0.0703125
2 0.68359375 0.659375 0.0265625 0.1109375
2 0.85078125 0.50859375 0.0203125 0.09140625
2 0.734375 0.4578125 0.015625 0.0875
2 0.659375 0.3359375 0.01171875 0.06328125
2 0.5703125 0.28671875 0.009375 0.0484375
3 0.2359375 0.92109375 0.03125 0.13359375
3 0.034375 0.265625 0.01484375 0.04765625