2 0.39296875 0.61796875 0.01484375 0.08203125
2 0.17421875 0.65234375 0.01484375 0.09140625
2 0.146875 0.571875 0.0140625 0.07265625
2 0.1390625 0.53984375 0.0109375 0.07109375
2 0.121875 0.4828125 0.0109375 0.06796875
2 0.2921875 0.43515625 0.0125 0.05546875
2 0.46484375 0.45859375 0.009375 0.06171875
2 0.4421875 0.3828125 0.009375 0.05234375
2 0.5421875 0.4578125 0.0109375 0.05703125
3 0.56484375 0.43125 0.01015625 0.05703125
2 0.65859375 0.4921875 0.0125 0.06796875
2 0.7015625 0.51015625 0.0140625 0.07265625
2 0.77421875 0.478125 0.01328125 0.06796875
2 0.659375 0.39375 0.01015625 0.05546875
2 0.67734375 0.396875 0.0125 0.04921875
2 0.80234375 0.46796875 0.01015625 0.06796875
2 0.8609375 0.54609375 0.0109375 0.07421875
2 0.86953125 0.55078125 0.009375 0.07734375
0 0.4953125 0.4109375 0.00859375 0.0171875
2 0.71328125 0.47578125 0.00859375 0.06015625
2 0.71171875 0.4453125 0.009375 0.06015625
2 0.7140625 0.41875 0.009375 0.05078125
3 0.3203125 0.89375 0.02109375 0.1234375
1 0.99609375 0.4078125 0.00703125 0.06015625
3 0.08828125 0.34140625 0.01171875 0.040625