0 0.51171875 0.4359375 0.00703125 0.009375
1 0.50625 0.4125 0.0125 0.05546875
3 0.76875 0.353125 0.01171875 0.040625
2 0.40625 0.49453125 0.01796875 0.075
2 0.4671875 0.634375 0.021875 0.084375
2 0.64609375 0.3984375 0.01640625 0.05390625
2 0.7265625 0.44453125 0.0140625 0.0609375
3 0.740625 0.490625 0.0140625 0.06484375
2 0.6921875 0.57890625 0.0171875 0.08671875
2 0.759375 0.56328125 0.0203125 0.07578125
2 0.79140625 0.66953125 0.01953125 0.0890625
2 0.7609375 0.471875 0.01015625 0.0625
2 0.7671875 0.4734375 0.01015625 0.0703125
2 0.81640625 0.47265625 0.015625 0.06015625
2 0.8265625 0.39296875 0.0140625 0.0484375
2 0.9328125 0.4453125 0.01796875 0.06484375
2 0.9578125 0.45390625 0.01640625 0.05703125