2 0.5546875 0.5140625 0.0234375 0.02890625
2 0.58984375 0.396875 0.01328125 0.05625
2 0.6453125 0.5765625 0.015625 0.084375
2 0.82421875 0.5484375 0.01875 0.084375
2 0.8296875 0.46796875 0.015625 0.07421875
2 0.7734375 0.3984375 0.01171875 0.04921875
2 0.77421875 0.44453125 0.015625 0.06484375
2 0.55625 0.31953125 0.0125 0.040625
2 0.446875 0.37734375 0.01484375 0.05234375
2 0.29140625 0.51875 0.0203125 0.0734375
2 0.31328125 0.37734375 0.0109375 0.053125
2 0.22890625 0.46796875 0.02109375 0.0703125
2 0.1515625 0.61328125 0.02578125 0.07578125
2 0.071875 0.4703125 0.0140625 0.065625
2 0.109375 0.42734375 0.0125 0.0640625
2 0.0984375 0.5015625 0.021875 0.07578125
2 0.2359375 0.34375 0.01015625 0.0484375
2 0.29296875 0.31640625 0.009375 0.0453125
2 0.11171875 0.39140625 0.01328125 0.02421875
2 0.54609375 0.63125 0.02578125 0.0890625
0 0.52578125 0.334375 0.00390625 0.00859375
3 0.25625 0.28984375 0.0078125 0.03828125
3 0.46328125 0.4734375 0.0234375 0.06171875
3 0.54375 0.890625 0.01875 0.121875