1 0.815625 0.4078125 0.02265625 0.075
2 0.6171875 0.7640625 0.02578125 0.11171875
3 0.8890625 0.784375 0.0265625 0.1046875
2 0.5828125 0.49296875 0.025 0.0796875
0 0.56640625 0.521875 0.00703125 0.0109375
2 0.44296875 0.34921875 0.009375 0.059375
2 0.38203125 0.44296875 0.0140625 0.07109375
2 0.2046875 0.2984375 0.009375 0.04296875
2 0.19921875 0.63515625 0.01953125 0.10390625
2 0.1296875 0.5234375 0.01796875 0.0796875
2 0.20234375 0.503125 0.0203125 0.084375
2 0.06328125 0.3671875 0.01796875 0.0609375
2 0.159375 0.34765625 0.0125 0.05390625
2 0.096875 0.40859375 0.01875 0.065625
2 0.2 0.39140625 0.01328125 0.0625
2 0.184375 0.4078125 0.015625 0.06015625
3 0.21171875 0.896875 0.0234375 0.11484375
3 0.0546875 0.49453125 0.01796875 0.08046875
2 0.0234375 0.30390625 0.0171875 0.0484375