2 0.4015625 0.46640625 0.0171875 0.06484375
2 0.38671875 0.41875 0.015625 0.06171875
2 0.38203125 0.3796875 0.0078125 0.06171875
2 0.5234375 0.33828125 0.0125 0.0453125
2 0.615625 0.4 0.009375 0.059375
2 0.56484375 0.3953125 0.01171875 0.05703125
2 0.56875 0.365625 0.0140625 0.05546875
2 0.5640625 0.365625 0.0140625 0.0515625
3 0.48984375 0.290625 0.01171875 0.04140625
2 0.5 0.36640625 0.0109375 0.053125
2 0.49375 0.36640625 0.02109375 0.05390625
0 0.48984375 0.35390625 0.00546875 0.0109375
3 0.69296875 0.93203125 0.01953125 0.1203125
2 0.975 0.5078125 0.0140625 0.07421875
2 0.9109375 0.384375 0.009375 0.05859375
2 0.87890625 0.378125 0.009375 0.05390625
2 0.8875 0.34375 0.01015625 0.0484375
2 0.6625 0.34140625 0.009375 0.05703125
2 0.72578125 0.3296875 0.01484375 0.04609375
2 0.75625 0.38828125 0.01875 0.053125
2 0.74140625 0.375 0.009375 0.05390625
3 0.71328125 0.39921875 0.01484375 0.05625
2 0.67265625 0.51171875 0.0140625 0.078125