0 0.28515625 0.59140625 0.01015625 0.01328125
2 0.2765625 0.5625 0.01796875 0.078125
2 0.41796875 0.5796875 0.01796875 0.08125
2 0.39296875 0.50390625 0.01171875 0.0640625
2 0.39921875 0.49921875 0.01328125 0.0703125
2 0.409375 0.503125 0.0109375 0.0625
3 0.42109375 0.51171875 0.01953125 0.06875
1 0.4609375 0.4578125 0.015625 0.06796875
2 0.5328125 0.4703125 0.01171875 0.06796875
2 0.55 0.46015625 0.015625 0.0671875
2 0.56640625 0.459375 0.0171875 0.06484375
2 0.5765625 0.4453125 0.0203125 0.065625
2 0.58984375 0.44140625 0.01484375 0.0609375
2 0.60390625 0.47265625 0.01171875 0.0625
2 0.60078125 0.446875 0.0140625 0.0578125
2 0.6109375 0.44140625 0.01484375 0.06484375
2 0.628125 0.4453125 0.01015625 0.06640625
2 0.678125 0.44609375 0.01484375 0.0640625
2 0.73515625 0.49375 0.01640625 0.0625
2 0.915625 0.640625 0.021875 0.09609375
3 0.83984375 0.36328125 0.01015625 0.04609375