1 0.4703125 0.415625 0.009375 0.05234375
2 0.11015625 0.596875 0.02265625 0.08125
2 0.2 0.56328125 0.01875 0.084375
0 0.23828125 0.575 0.0109375 0.02265625
2 0.275 0.6578125 0.03125 0.0890625
2 0.3203125 0.66640625 0.02109375 0.08125
2 0.31875 0.640625 0.02421875 0.09296875
2 0.30625 0.59921875 0.02265625 0.07890625
2 0.340625 0.528125 0.0171875 0.06484375
2 0.52578125 0.71328125 0.02421875 0.103125
2 0.58203125 0.696875 0.02421875 0.090625
2 0.45 0.47421875 0.01328125 0.06796875
2 0.45390625 0.5859375 0.01328125 0.0859375
2 0.4625 0.57734375 0.01484375 0.08359375
2 0.52109375 0.5078125 0.0125 0.0671875
2 0.60625 0.4546875 0.01328125 0.06484375
2 0.6890625 0.503125 0.0125 0.0625
3 0.63984375 0.56796875 0.0265625 0.07421875
2 0.8171875 0.6765625 0.02421875 0.10234375
2 0.859375 0.50078125 0.01640625 0.06015625
3 0.83359375 0.33828125 0.0125 0.040625