2 0.09140625 0.41015625 0.01796875 0.071875
2 0.0484375 0.75546875 0.0234375 0.1140625
2 0.121875 0.7109375 0.0203125 0.1203125
2 0.1828125 0.52109375 0.01796875 0.0921875
2 0.24296875 0.49140625 0.03125 0.09609375
3 0.26015625 0.5640625 0.01640625 0.09609375
2 0.375 0.68828125 0.0265625 0.121875
2 0.509375 0.8484375 0.03203125 0.1296875
2 0.5109375 0.6953125 0.03125 0.1203125
0 0.49609375 0.83125 0.0109375 0.02578125
2 0.57421875 0.3734375 0.0171875 0.075
2 0.746875 0.41328125 0.015625 0.071875
2 0.86484375 0.49140625 0.015625 0.0828125
2 0.9609375 0.60625 0.02421875 0.1109375
2 0.99140625 0.6359375 0.01640625 0.1140625