0 0.50625 0.37578125 0.00703125 0.0125
2 0.48046875 0.37421875 0.01875 0.05390625
2 0.45859375 0.46796875 0.015625 0.0734375
2 0.5859375 0.54765625 0.02578125 0.08671875
2 0.62734375 0.4890625 0.01953125 0.078125
2 0.5875 0.39921875 0.0171875 0.0515625
2 0.5328125 0.315625 0.01484375 0.04765625
2 0.7109375 0.34375 0.0140625 0.05
2 0.72578125 0.43828125 0.015625 0.0671875
2 0.76875 0.4859375 0.02734375 0.0765625
2 0.790625 0.403125 0.0140625 0.06796875
2 0.80078125 0.44296875 0.0171875 0.06171875
3 0.76875 0.4171875 0.015625 0.0640625
2 0.88203125 0.509375 0.025 0.078125
2 0.99609375 0.65078125 0.00703125 0.0859375
2 0.98828125 0.40625 0.0140625 0.06640625
2 0.9640625 0.396875 0.0140625 0.0609375
2 0.87421875 0.3671875 0.01328125 0.05
2 0.8671875 0.35 0.0125 0.05234375