2 0.13125 0.62578125 0.02578125 0.090625
2 0.25625 0.62578125 0.0203125 0.0875
2 0.090625 0.4046875 0.01171875 0.05
2 0.4796875 0.53203125 0.025 0.06875
2 0.36796875 0.4921875 0.0171875 0.0671875
2 0.065625 0.43203125 0.01015625 0.046875
2 0.59296875 0.58671875 0.0171875 0.08046875
3 0.42890625 0.4140625 0.0109375 0.05390625
2 0.35859375 0.42578125 0.01015625 0.05390625
2 0.3671875 0.4359375 0.01328125 0.05
2 0.51953125 0.3734375 0.01640625 0.0421875
1 0.7984375 0.4140625 0.0203125 0.05078125
2 0.74140625 0.490625 0.0171875 0.0703125
2 0.7140625 0.46171875 0.02265625 0.07265625
2 0.665625 0.45546875 0.01484375 0.06015625
2 0.684375 0.4046875 0.0140625 0.059375
2 0.61640625 0.41640625 0.01640625 0.0578125
2 0.57265625 0.40390625 0.01953125 0.046875
2 0.578125 0.39375 0.01328125 0.05390625
3 0.14765625 0.93984375 0.02890625 0.1203125
0 0.50703125 0.26875 0.0046875 0.00859375