0 0.50546875 0.4625 0.01015625 0.01328125
1 0.50390625 0.44140625 0.0125 0.05625
3 0.52421875 0.4671875 0.01640625 0.06328125
2 0.4671875 0.49921875 0.01328125 0.06796875
2 0.38203125 0.58046875 0.015625 0.0703125
2 0.55625 0.56796875 0.01484375 0.0765625
2 0.6359375 0.51640625 0.015625 0.06328125
2 0.6671875 0.5484375 0.02578125 0.06953125
2 0.68046875 0.4609375 0.0171875 0.0546875
2 0.678125 0.4265625 0.01484375 0.05078125
2 0.72421875 0.471875 0.0140625 0.06484375
2 0.76171875 0.50546875 0.0171875 0.06640625
2 0.8265625 0.6140625 0.01640625 0.05078125
2 0.82109375 0.43671875 0.01796875 0.05078125
2 0.95859375 0.48125 0.0140625 0.0546875
2 0.98125 0.46484375 0.01328125 0.053125