2 0.18125 0.44765625 0.01640625 0.06953125
2 0.18828125 0.4421875 0.01640625 0.071875
2 0.18125 0.4328125 0.015625 0.05703125
2 0.2109375 0.43125 0.0140625 0.06953125
2 0.215625 0.434375 0.01640625 0.0640625
2 0.22265625 0.4203125 0.01171875 0.06015625
2 0.24140625 0.4421875 0.01640625 0.071875
2 0.31875 0.43828125 0.01875 0.059375
2 0.3 0.3859375 0.0140625 0.05625
2 0.32578125 0.38046875 0.01015625 0.0578125
2 0.35390625 0.4046875 0.015625 0.05546875
2 0.38515625 0.46328125 0.015625 0.071875
2 0.4375 0.425 0.01328125 0.059375
3 0.4421875 0.42265625 0.01484375 0.059375
2 0.40859375 0.359375 0.0125 0.0515625
3 0.440625 0.30390625 0.00859375 0.04140625
2 0.4671875 0.475 0.0125 0.06484375
2 0.49921875 0.4546875 0.0125 0.04765625
2 0.49765625 0.45859375 0.01796875 0.02734375
2 0.50390625 0.4296875 0.01328125 0.05078125
2 0.53671875 0.44140625 0.02421875 0.06171875
2 0.6390625 0.43828125 0.01640625 0.065625