2 0.19765625 0.596875 0.0203125 0.0890625
2 0.20625 0.47890625 0.01484375 0.06796875
2 0.2234375 0.43671875 0.0125 0.0703125
2 0.24765625 0.4171875 0.01328125 0.0578125
2 0.29296875 0.35546875 0.0125 0.05546875
3 0.44140625 0.3875 0.01640625 0.0578125
2 0.48203125 0.41953125 0.01328125 0.05625
2 0.54453125 0.440625 0.01484375 0.06328125
2 0.5578125 0.51875 0.01953125 0.0828125
3 0.33671875 0.303125 0.01171875 0.04140625
2 0.50859375 0.3640625 0.0109375 0.05234375
2 0.4875 0.34453125 0.0125 0.04453125
2 0.48515625 0.33203125 0.0140625 0.0421875
2 0.496875 0.31640625 0.01328125 0.03984375
2 0.521875 0.325 0.0109375 0.0421875
2 0.5078125 0.334375 0.01171875 0.03671875
2 0.58359375 0.3734375 0.0109375 0.053125
2 0.6234375 0.3828125 0.01015625 0.05234375
2 0.6609375 0.3484375 0.00859375 0.05078125
2 0.7875 0.34609375 0.0140625 0.04921875
2 0.85390625 0.4578125 0.0203125 0.0765625
2 0.78359375 0.64296875 0.021875 0.09765625
3 0.50625 0.88984375 0.025 0.128125