1 0.29765625 0.40234375 0.01640625 0.059375
3 0.69921875 0.31875 0.01171875 0.03671875
0 0.5140625 0.484375 0.00625 0.0109375
3 0.98515625 0.50546875 0.015625 0.0734375
2 0.97578125 0.39921875 0.0171875 0.0578125
2 0.90546875 0.3484375 0.0109375 0.046875
2 0.803125 0.471875 0.015625 0.06328125
2 0.903125 0.584375 0.0234375 0.08515625
2 0.7828125 0.5875 0.01953125 0.07890625
2 0.784375 0.675 0.0234375 0.10390625
2 0.73671875 0.45078125 0.0171875 0.06640625
2 0.67578125 0.46171875 0.01328125 0.06484375
2 0.6109375 0.3859375 0.0171875 0.05859375
2 0.42421875 0.4984375 0.0171875 0.071875
2 0.4296875 0.7546875 0.0265625 0.1078125