2 0.0875 0.44296875 0.01953125 0.06171875
2 0.221875 0.5359375 0.01640625 0.07734375
2 0.3796875 0.43125 0.01484375 0.065625
2 0.42109375 0.45546875 0.01875 0.0640625
2 0.5765625 0.4203125 0.0109375 0.059375
2 0.61015625 0.53046875 0.015625 0.0796875
2 0.69375 0.4765625 0.01640625 0.0734375
2 0.76015625 0.52734375 0.0171875 0.08046875
2 0.76875 0.63046875 0.0203125 0.0875
2 0.9140625 0.615625 0.01640625 0.0890625
2 0.875 0.628125 0.01640625 0.09375
2 0.671875 0.71796875 0.0125 0.09296875
2 0.49921875 0.80234375 0.0203125 0.10859375
2 0.56640625 0.703125 0.015625 0.09140625
2 0.50078125 0.628125 0.0125 0.0859375
2 0.528125 0.63671875 0.009375 0.090625
2 0.51796875 0.609375 0.01328125 0.08984375
2 0.24765625 0.73671875 0.03203125 0.109375
3 0.2515625 0.86953125 0.02109375 0.09609375
3 0.31015625 0.50390625 0.0140625 0.0734375
0 0.5140625 0.78515625 0.00859375 0.01875