3 0.3265625 0.915625 0.02890625 0.12734375
2 0.58046875 0.8078125 0.0234375 0.115625
2 0.18203125 0.7234375 0.02578125 0.11796875
2 0.33671875 0.628125 0.01953125 0.09921875
2 0.32265625 0.56015625 0.0234375 0.08828125
3 0.16953125 0.46484375 0.021875 0.06875
2 0.078125 0.384375 0.0140625 0.053125
2 0.234375 0.50859375 0.0171875 0.0765625
2 0.00390625 0.4359375 0.00703125 0.06640625
2 0.1296875 0.35703125 0.0109375 0.0453125
2 0.20078125 0.40078125 0.01484375 0.05546875
2 0.22265625 0.39921875 0.0125 0.059375
2 0.27890625 0.375 0.01015625 0.05
2 0.40234375 0.446875 0.01328125 0.06171875
2 0.390625 0.421875 0.0109375 0.05625
2 0.540625 0.390625 0.01328125 0.05625
2 0.49921875 0.334375 0.01328125 0.0453125
0 0.4875 0.35078125 0.00546875 0.00859375
2 0.8609375 0.5078125 0.0203125 0.0828125
2 0.69921875 0.37421875 0.0140625 0.06171875
1 0.89765625 0.40703125 0.0125 0.0640625
3 0.0421875 0.33515625 0.0125 0.04296875