2 0.14453125 0.69296875 0.01875 0.09140625
2 0.034375 0.54921875 0.0140625 0.075
2 0.08515625 0.39609375 0.01015625 0.05859375
2 0.14921875 0.38125 0.0109375 0.0578125
2 0.1859375 0.36171875 0.00859375 0.05234375
2 0.3078125 0.575 0.01796875 0.07734375
2 0.38203125 0.52890625 0.0109375 0.07265625
2 0.46171875 0.43671875 0.0125 0.06171875
2 0.47578125 0.3921875 0.0109375 0.05234375
0 0.47421875 0.3625 0.0046875 0.00859375
2 0.365625 0.3640625 0.0125 0.04921875
2 0.4171875 0.35546875 0.00859375 0.04140625
2 0.425 0.3546875 0.01484375 0.04296875
2 0.26953125 0.32421875 0.0078125 0.0421875
3 0.23515625 0.4390625 0.0125 0.0625
2 0.675 0.68203125 0.0234375 0.0984375
2 0.8234375 0.5484375 0.01796875 0.08125
2 0.7203125 0.503125 0.01328125 0.078125
1 0.9796875 0.415625 0.01640625 0.0640625
2 0.65390625 0.3953125 0.01015625 0.05625
2 0.57421875 0.3515625 0.0078125 0.04296875
3 0.27734375 0.9140625 0.028125 0.11875
3 0.0984375 0.3328125 0.01328125 0.0421875
2 0.0515625 0.49609375 0.009375 0.07109375
2 0.0390625 0.4875 0.0109375 0.0609375