2 0.25546875 0.46796875 0.0140625 0.07421875
2 0.18125 0.43359375 0.0125 0.0640625
2 0.22109375 0.37265625 0.0109375 0.05859375
2 0.2328125 0.371875 0.0109375 0.05390625
2 0.440625 0.39609375 0.01171875 0.05703125
2 0.603125 0.38203125 0.0140625 0.06171875
2 0.48984375 0.340625 0.0125 0.0421875
3 0.54765625 0.365625 0.009375 0.04921875
2 0.509375 0.32734375 0.009375 0.04375
2 0.53671875 0.34453125 0.0109375 0.04296875
2 0.54453125 0.33203125 0.009375 0.04296875
2 0.55390625 0.33359375 0.009375 0.04453125
2 0.58828125 0.3359375 0.00703125 0.04609375
2 0.60859375 0.3359375 0.00859375 0.040625
2 0.66328125 0.3640625 0.01015625 0.05234375
2 0.71953125 0.4109375 0.0125 0.0578125
2 0.85390625 0.44140625 0.01015625 0.05703125
2 0.81171875 0.4046875 0.0109375 0.0546875
2 0.74609375 0.41640625 0.01015625 0.0625
2 0.7171875 0.36484375 0.0078125 0.04453125
2 0.728125 0.3765625 0.0109375 0.04765625
0 0.48671875 0.359375 0.0046875 0.00546875
1 0.95703125 0.39765625 0.01015625 0.059375
3 0.0703125 0.3421875 0.009375 0.04140625
3 0.30703125 0.89921875 0.02109375 0.11875