1 0.20234375 0.42109375 0.009375 0.05390625
2 0.25546875 0.45390625 0.0125 0.05703125
2 0.28203125 0.51875 0.01171875 0.0625
2 0.36796875 0.43125 0.0109375 0.05625
2 0.3828125 0.41953125 0.0109375 0.05546875
2 0.425 0.38671875 0.00859375 0.04609375
2 0.48671875 0.4375 0.01171875 0.05390625
2 0.43828125 0.375 0.0078125 0.04296875
2 0.45078125 0.36171875 0.00703125 0.0375
2 0.4796875 0.3546875 0.009375 0.028125
2 0.4734375 0.3515625 0.0078125 0.0296875
2 0.54296875 0.35390625 0.00625 0.0359375
2 0.55234375 0.35625 0.00859375 0.03828125
2 0.5515625 0.4921875 0.00703125 0.05390625
2 0.55703125 0.53125 0.0125 0.06875
2 0.678125 0.40546875 0.00859375 0.0515625
2 0.825 0.4265625 0.01171875 0.053125
2 0.859375 0.4265625 0.0125 0.053125
2 0.93984375 0.43671875 0.0109375 0.05859375
2 0.99296875 0.6265625 0.01328125 0.08515625
3 0.90625 0.97421875 0.02421875 0.0515625
3 0.56875 0.4109375 0.0109375 0.05
3 0.4765625 0.3296875 0.00625 0.01640625
0 0.46875 0.3609375 0.00390625 0.00703125