0 0.4609375 0.459375 0.00546875 0.009375
1 0.45703125 0.4375 0.015625 0.05390625
2 0.42890625 0.5125 0.0109375 0.07109375
2 0.41015625 0.6953125 0.02421875 0.0859375
2 0.6796875 0.59140625 0.021875 0.07890625
2 0.646875 0.4125 0.0125 0.05
3 0.696875 0.35390625 0.01171875 0.03984375
2 0.93125 0.38984375 0.0109375 0.0515625
3 0.85546875 0.47109375 0.01484375 0.0578125
2 0.78984375 0.47109375 0.0109375 0.06015625
2 0.82109375 0.4984375 0.021875 0.06171875
2 0.8390625 0.58359375 0.0171875 0.07578125
2 0.9015625 0.53125 0.015625 0.0671875
2 0.959375 0.56328125 0.01640625 0.0734375