2 0.2484375 0.47734375 0.01640625 0.090625
2 0.23671875 0.38203125 0.01875 0.07265625
2 0.3203125 0.41171875 0.02109375 0.0734375
2 0.425 0.33125 0.01484375 0.05390625
2 0.4625 0.390625 0.01484375 0.075
2 0.4875 0.44453125 0.02109375 0.07578125
2 0.52265625 0.34765625 0.0140625 0.05859375
2 0.57265625 0.5171875 0.0234375 0.084375
2 0.61953125 0.64765625 0.02734375 0.10546875
2 0.5875 0.4515625 0.01796875 0.0828125
2 0.60625 0.40546875 0.01796875 0.07578125
3 0.634375 0.41328125 0.01953125 0.07734375
3 0.23515625 0.29765625 0.01640625 0.046875
2 0.75546875 0.41328125 0.0234375 0.06796875
2 0.725 0.359375 0.015625 0.059375
2 0.7234375 0.34140625 0.01484375 0.06875
2 0.78125 0.415625 0.01640625 0.06875
2 0.7859375 0.3984375 0.015625 0.075
2 0.85625 0.48671875 0.015625 0.07734375
2 0.88984375 0.46640625 0.01953125 0.0765625
2 0.92265625 0.515625 0.01796875 0.0828125
2 0.990625 0.55234375 0.01796875 0.09453125
0 0.459375 0.35859375 0.00546875 0.01328125