2 0.3390625 0.74140625 0.03828125 0.10078125
2 0.290625 0.6546875 0.01875 0.10703125
2 0.8125 0.6890625 0.01484375 0.09375
2 0.7359375 0.60390625 0.03046875 0.06953125
2 0.6796875 0.61953125 0.01640625 0.08984375
2 0.6 0.63203125 0.01484375 0.08828125
2 0.63359375 0.59609375 0.0203125 0.08359375
2 0.75703125 0.51328125 0.0140625 0.075
2 0.7875 0.52265625 0.0125 0.08125
0 0.86328125 0.7125 0.0078125 0.01640625
2 0.1109375 0.62421875 0.01640625 0.08984375
2 0.08984375 0.4796875 0.01484375 0.0671875
2 0.3140625 0.484375 0.01796875 0.0703125
3 0.3546875 0.53984375 0.01875 0.078125
2 0.41171875 0.44765625 0.015625 0.06640625
2 0.45625 0.4515625 0.01484375 0.0625
1 0.56484375 0.41875 0.0125 0.0609375
2 0.55234375 0.471875 0.00625 0.06328125
2 0.575 0.49765625 0.01015625 0.07109375
2 0.6015625 0.4875 0.01953125 0.065625
2 0.55859375 0.52109375 0.01015625 0.071875